Cl_pop,1,-0.143,0.158,-0.144,-0.00878,0.159,0.124,0.159,-0.0542
V1_pop,-0.143,1,-0.802,1,-0.000405,-0.848,-0.683,-0.848,0.322
Q_pop,0.158,-0.802,1,-0.805,0.00288,0.799,0.698,0.798,-0.311
V2_pop,-0.144,1,-0.805,1,-0.000607,-0.853,-0.686,-0.853,0.322
omega_Cl,-0.00878,-0.000405,0.00288,-0.000607,1,0.00476,0.0105,0.00462,-0.0236
omega_V1,0.159,-0.848,0.799,-0.853,0.00476,1,0.691,1,-0.356
omega_Q,0.124,-0.683,0.698,-0.686,0.0105,0.691,1,0.691,-0.305
omega_V2,0.159,-0.848,0.798,-0.853,0.00462,1,0.691,1,-0.356
b,-0.0542,0.322,-0.311,0.322,-0.0236,-0.356,-0.305,-0.356,1
