Cl_pop,1,-0.0097192,0.03632,-0.0010013,-0.0051951,0.0050479,-0.0029538,-0.0025314,0.013804
V1_pop,-0.0097192,1,-0.0040458,0.094587,0.0053358,0.11934,-0.090362,0.27099,-0.0065745
Q_pop,0.03632,-0.0040458,1,-0.040369,0.010597,0.011598,-0.020304,0.024396,0.0094506
V2_pop,-0.0010013,0.094587,-0.040369,1,-0.034605,0.034306,0.060891,-0.43751,0.021602
omega_Cl,-0.0051951,0.0053358,0.010597,-0.034605,1,-0.00031236,0.012437,0.015156,-0.017385
omega_V1,0.0050479,0.11934,0.011598,0.034306,-0.00031236,1,-0.019173,-0.028549,0.013998
omega_Q,-0.0029538,-0.090362,-0.020304,0.060891,0.012437,-0.019173,1,-0.088466,-0.058055
omega_V2,-0.0025314,0.27099,0.024396,-0.43751,0.015156,-0.028549,-0.088466,1,-0.0032021
b,0.013804,-0.0065745,0.0094506,0.021602,-0.017385,0.013998,-0.058055,-0.0032021,1
