Cl_pop,0.52066,-1.2985e-7,0.07186,-9.9049e-7,-0.00019148,6.3544e-10,-0.00049215,-2.1602e-8,8.106e-5
V1_pop,-1.2985e-7,3.4283e-10,-2.054e-7,2.4011e-9,5.0466e-9,3.855e-13,-3.8634e-7,5.9339e-11,-9.9064e-10
Q_pop,0.07186,-2.054e-7,7.5184,-0.00015175,0.0014843,5.5481e-9,-0.012856,7.9111e-7,0.00021088
V2_pop,-9.9049e-7,2.4011e-9,-0.00015175,1.8796e-6,-2.4234e-6,8.205e-12,1.9276e-5,-7.0937e-9,2.4102e-7
omega_Cl,-0.00019148,5.0466e-9,0.0014843,-2.4234e-6,0.0026092,-2.7835e-12,0.0001467,9.1558e-9,-7.227e-6
omega_V1,6.3544e-10,3.855e-13,5.5481e-9,8.205e-12,-2.7835e-12,3.0435e-14,-7.7237e-10,-5.8902e-14,1.9874e-11
omega_Q,-0.00049215,-3.8634e-7,-0.012856,1.9276e-5,0.0001467,-7.7237e-10,0.053318,-2.4158e-7,-0.00010909
omega_V2,-2.1602e-8,5.9339e-11,7.9111e-7,-7.0937e-9,9.1558e-9,-5.8902e-14,-2.4158e-7,1.3986e-10,-3.0818e-10
b,8.106e-5,-9.9064e-10,0.00021088,2.4102e-7,-7.227e-6,1.9874e-11,-0.00010909,-3.0818e-10,6.6226e-5
