Cl_pop,1,0.0092661,0.029236,-0.043701,0,0,0,0,0
V1_pop,0.0092661,1,-0.19137,0.23707,0,0,0,0,0
Q_pop,0.029236,-0.19137,1,-0.1065,0,0,0,0,0
V2_pop,-0.043701,0.23707,-0.1065,1,0,0,0,0,0
omega_Cl,0,0,0,0,1,0.0010186,-0.00029893,-0.0032657,-0.0085731
omega_V1,0,0,0,0,0.0010186,1,-0.017216,-0.0227,-0.22036
omega_Q,0,0,0,0,-0.00029893,-0.017216,1,0.0075749,-0.056862
omega_V2,0,0,0,0,-0.0032657,-0.0227,0.0075749,1,-0.26259
b,0,0,0,0,-0.0085731,-0.22036,-0.056862,-0.26259,1
