Cl_pop,0.52428,0.014006,0.058412,-0.30602,0,0,0,0,0
V1_pop,0.014006,4.3579,-1.1023,4.7862,0,0,0,0,0
Q_pop,0.058412,-1.1023,7.6136,-2.8419,0,0,0,0,0
V2_pop,-0.30602,4.7862,-2.8419,93.531,0,0,0,0,0
omega_Cl,0,0,0,0,0.0025709,2.5959e-6,-3.2698e-6,-5.5165e-5,-3.952e-6
omega_V1,0,0,0,0,2.5959e-6,0.0025261,-0.00018666,-0.00038009,-0.00010069
omega_Q,0,0,0,0,-3.2698e-6,-0.00018666,0.04654,0.00054443,-0.00011152
omega_V2,0,0,0,0,-5.5165e-5,-0.00038009,0.00054443,0.111,-0.00079538
b,0,0,0,0,-3.952e-6,-0.00010069,-0.00011152,-0.00079538,8.2657e-5
