Cl_pop,1,0.01672,0.025706,-0.028232,0,0,0,0,0
V1_pop,0.01672,1,-0.21064,0.22123,0,0,0,0,0
Q_pop,0.025706,-0.21064,1,-0.084782,0,0,0,0,0
V2_pop,-0.028232,0.22123,-0.084782,1,0,0,0,0,0
omega_Cl,0,0,0,0,1,0.00054005,-0.00038485,-0.0022021,-0.0080888
omega_V1,0,0,0,0,0.00054005,1,-0.019524,0.012349,-0.28543
omega_Q,0,0,0,0,-0.00038485,-0.019524,1,0.011368,-0.051442
omega_V2,0,0,0,0,-0.0022021,0.012349,0.011368,1,-0.26724
b,0,0,0,0,-0.0080888,-0.28543,-0.051442,-0.26724,1
