Cl_pop,0.52438,0.019642,0.056775,-0.16772,0,0,0,0,0
V1_pop,0.019642,3.8967,-1.1954,3.639,0,0,0,0,0
Q_pop,0.056775,-1.1954,8.1396,-2.3715,0,0,0,0,0
V2_pop,-0.16772,3.639,-2.3715,67.538,0,0,0,0,0
omega_Cl,0,0,0,0,0.0025753,2.3711e-6,-3.9247e-6,-2.6132e-5,-3.9246e-6
omega_V1,0,0,0,0,2.3711e-6,0.002815,-0.00025944,-0.00013629,-0.00011677
omega_Q,0,0,0,0,-3.9247e-6,-0.00025944,0.046556,0.00073907,-0.00011115
omega_V2,0,0,0,0,-2.6132e-5,-0.00013629,0.00073907,0.094886,-0.00078637
b,0,0,0,0,-3.9246e-6,-0.00011677,-0.00011115,-0.00078637,8.2328e-5
