Cl_pop,0.1215,-0.013028,0.019412,-0.033828,-7.6237e-5,-0.00043882,-3.9051e-5,0.0014293,-0.00099279,-8.5164e-5,3.2534e-5
V1_pop,-0.013028,3.4319,-0.61397,6.6982,-0.00046708,0.0080692,0.00028365,-0.062096,0.014985,-0.00061912,0.00053839
Q_pop,0.019412,-0.61397,1.314,-1.2875,0.00078961,-0.0054765,-0.00050223,0.053041,-0.011242,-0.0002514,-0.00028472
V2_pop,-0.033828,6.6982,-1.2875,14.015,-0.0023899,0.032833,0.0032725,-0.14959,0.074518,0.00038642,0.00051576
omega_Cl,-7.6237e-5,-0.00046708,0.00078961,-0.0023899,0.0023391,-7.3668e-5,-4.9225e-6,0.00019666,-0.00013945,2.1934e-5,-1.0899e-5
omega_V1,-0.00043882,0.0080692,-0.0054765,0.032833,-7.3668e-5,0.0058964,0.00016259,-0.0024196,0.0093856,5.922e-5,-6.397e-5
corr_V2_V1,-3.9051e-5,0.00028365,-0.00050223,0.0032725,-4.9225e-6,0.00016259,1.815e-5,-0.00016316,0.00035871,8.4184e-6,-5.9513e-6
omega_Q,0.0014293,-0.062096,0.053041,-0.14959,0.00019666,-0.0024196,-0.00016316,0.02447,-0.0048808,-6.6541e-6,-6.0101e-5
omega_V2,-0.00099279,0.014985,-0.011242,0.074518,-0.00013945,0.0093856,0.00035871,-0.0048808,0.016354,0.00014402,-0.00014001
a1,-8.5164e-5,-0.00061912,-0.0002514,0.00038642,2.1934e-5,5.922e-5,8.4184e-6,-6.6541e-6,0.00014402,0.00051453,-1.7187e-5
a2,3.2534e-5,0.00053839,-0.00028472,0.00051576,-1.0899e-5,-6.397e-5,-5.9513e-6,-6.0101e-5,-0.00014001,-1.7187e-5,4.4198e-5
