Cl_pop,0.50403,-0.15124,0.32908,-0.98054,0.00035299,-0.0015453,3.1755e-5,0.0095707,-0.0091643,-5.1326e-5,-0.00044398
V1_pop,-0.15124,13.366,-6.1261,28.919,-0.0069651,0.028129,0.00041518,-0.17916,0.13086,-0.0032097,0.0079283
Q_pop,0.32908,-6.1261,14.409,-28.516,0.014472,-0.027493,0.00059272,0.2758,-0.22428,0.0026344,-0.014599
V2_pop,-0.98054,28.919,-28.516,114.18,-0.051898,0.16773,-0.0021189,-0.95226,0.89164,-0.0092832,0.048111
omega_Cl,0.00035299,-0.0069651,0.014472,-0.051898,0.0024027,-0.00012835,-3.3415e-7,0.00063712,-0.00060065,2.7143e-5,-3.608e-5
omega_V1,-0.0015453,0.028129,-0.027493,0.16773,-0.00012835,0.0040279,3.4824e-5,-0.0031155,0.0064239,2.25e-5,6.4108e-6
corr_V2_V1,3.1755e-5,0.00041518,0.00059272,-0.0021189,-3.3415e-7,3.4824e-5,5.1457e-6,-8.9574e-6,6.1845e-5,2.2999e-7,-2.9072e-6
omega_Q,0.0095707,-0.17916,0.2758,-0.95226,0.00063712,-0.0031155,-8.9574e-6,0.030006,-0.011006,0.00010952,-0.00049283
omega_V2,-0.0091643,0.13086,-0.22428,0.89164,-0.00060065,0.0064239,6.1845e-5,-0.011006,0.01601,-4.0386e-5,0.0003527
a1,-5.1326e-5,-0.0032097,0.0026344,-0.0092832,2.7143e-5,2.25e-5,2.2999e-7,0.00010952,-4.0386e-5,0.00051412,-1.9225e-5
a2,-0.00044398,0.0079283,-0.014599,0.048111,-3.608e-5,6.4108e-6,-2.9072e-6,-0.00049283,0.0003527,-1.9225e-5,7.0688e-5
