Cl_pop,1,-0.0077836,0.02862,-0.012455,-0.0045746,0.0050965,0.0091,0.0027969,-0.0021976,-0.0078842,0.0026111
V1_pop,-0.0077836,1,-0.22698,0.92546,0.00020907,0.025464,0.10996,-0.074158,0.090973,-0.020067,0.022976
Q_pop,0.02862,-0.22698,1,-0.19853,0.0019762,0.071,-0.064225,0.041038,0.021047,0.002495,-0.039712
V2_pop,-0.012455,0.92546,-0.19853,1,-0.0019809,0.03361,-0.16931,-0.091745,0.10628,0.0051497,0.029129
omega_Cl,-0.0045746,0.00020907,0.0019762,-0.0019809,1,-0.0077793,-0.0017961,0.0084342,-0.014446,0.018095,-0.033436
omega_V1,0.0050965,0.025464,0.071,0.03361,-0.0077793,1,0.22209,-0.098064,0.88443,0.003633,-0.064944
corr_V2_V1,0.0091,0.10996,-0.064225,-0.16931,-0.0017961,0.22209,1,0.017357,0.20979,-0.051331,-0.013917
omega_Q,0.0027969,-0.074158,0.041038,-0.091745,0.0084342,-0.098064,0.017357,1,-0.15061,0.0095385,-0.04779
omega_V2,-0.0021976,0.090973,0.021047,0.10628,-0.014446,0.88443,0.20979,-0.15061,1,0.0086218,-0.065338
a1,-0.0078842,-0.020067,0.002495,0.0051497,0.018095,0.003633,-0.051331,0.0095385,0.0086218,1,-0.083253
a2,0.0026111,0.022976,-0.039712,0.029129,-0.033436,-0.064944,-0.013917,-0.04779,-0.065338,-0.083253,1
