Cl_pop,0.49658,-0.018798,0.04989,-0.041429,-0.00015806,0.00022343,1.6426e-5,0.00026022,-0.00012044,-0.00012554,1.1382e-5
V1_pop,-0.018798,11.746,-1.9244,14.971,3.5131e-5,0.0054292,0.00096536,-0.033556,0.024249,-0.001554,0.00048709
Q_pop,0.04989,-1.9244,6.1195,-2.3181,0.00023969,0.010927,-0.00040697,0.013403,0.0040493,0.00013946,-0.00060769
V2_pop,-0.041429,14.971,-2.3181,22.28,-0.00045844,0.0098697,-0.0020472,-0.057176,0.039017,0.00054925,0.00085054
omega_Cl,-0.00015806,3.5131e-5,0.00023969,-0.00045844,0.0024039,-2.3729e-5,-2.2558e-7,5.4598e-5,-5.5085e-5,2.0047e-5,-1.0141e-5
omega_V1,0.00022343,0.0054292,0.010927,0.0098697,-2.3729e-5,0.0038703,3.5391e-5,-0.00080548,0.0042793,5.1071e-6,-2.4993e-5
corr_V2_V1,1.6426e-5,0.00096536,-0.00040697,-0.0020472,-2.2558e-7,3.5391e-5,6.5614e-6,5.87e-6,4.1794e-5,-2.971e-6,-2.2052e-7
omega_Q,0.00026022,-0.033556,0.013403,-0.057176,5.4598e-5,-0.00080548,5.87e-6,0.017432,-0.0015465,2.8456e-5,-3.9031e-5
omega_V2,-0.00012044,0.024249,0.0040493,0.039017,-5.5085e-5,0.0042793,4.1794e-5,-0.0015465,0.0060488,1.5152e-5,-3.1435e-5
a1,-0.00012554,-0.001554,0.00013946,0.00054925,2.0047e-5,5.1071e-6,-2.971e-6,2.8456e-5,1.5152e-5,0.00051057,-1.1637e-5
a2,1.1382e-5,0.00048709,-0.00060769,0.00085054,-1.0141e-5,-2.4993e-5,-2.2052e-7,-3.9031e-5,-3.1435e-5,-1.1637e-5,3.8266e-5
