Cl_pop,1,0.023773,-0.96958,0.0055245,nan,0.0047004,-0.026464,0.0069513,0.01527,-0.0024819,0.0038175,-0.03792,0.042461
beta_Cl_logtWTKG,0.023773,1,0.076918,0.0026782,nan,0.016899,-0.99391,-0.047047,0.14083,0.047116,-0.070305,-0.3817,0.45551
beta_Cl_tCLCRMLMIN,-0.96958,0.076918,1,0.0021316,nan,0.0058872,-0.073068,-0.01099,0.00075722,0.006116,-0.0094257,-0.0043848,0.0073196
V1_pop,0.0055245,0.0026782,0.0021316,1,nan,0.95542,-0.0024416,0.045094,0.091994,0.0062112,0.0065932,-0.049022,0.044309
Q_pop,nan,nan,nan,nan,nan,nan,nan,nan,nan,nan,nan,nan,nan
V2_pop,0.0047004,0.016899,0.0058872,0.95542,nan,1,-0.016754,0.067195,0.11498,-0.053663,0.057891,-0.04824,0.045977
omega_Cl,-0.026464,-0.99391,-0.073068,-0.0024416,nan,-0.016754,1,0.047332,-0.14247,-0.048514,0.070816,0.38301,-0.45861
omega_V1,0.0069513,-0.047047,-0.01099,0.045094,nan,0.067195,0.047332,1,0.49447,-0.014103,0.96101,0.019925,-0.087823
corr_V2_V1,0.01527,0.14083,0.00075722,0.091994,nan,0.11498,-0.14247,0.49447,1,-0.015558,0.40214,-0.12165,0.071414
omega_Q,-0.0024819,0.047116,0.006116,0.0062112,nan,-0.053663,-0.048514,-0.014103,-0.015558,1,-0.026752,-0.03763,0.058117
omega_V2,0.0038175,-0.070305,-0.0094257,0.0065932,nan,0.057891,0.070816,0.96101,0.40214,-0.026752,1,0.04183,-0.10428
a1,-0.03792,-0.3817,-0.0043848,-0.049022,nan,-0.04824,0.38301,0.019925,-0.12165,-0.03763,0.04183,1,-0.3623
a2,0.042461,0.45551,0.0073196,0.044309,nan,0.045977,-0.45861,-0.087823,0.071414,0.058117,-0.10428,-0.3623,1
