Cl_pop,1,-0.011635,0.036156,0.011699,-0.0052434,-0.0025546,-0.0035127,-0.002674,0.014659
V1_pop,-0.011635,1,-0.020227,-0.41604,0.017381,0.28823,0.041245,0.42073,0.017853
Q_pop,0.036156,-0.020227,1,0.0097153,0.0082472,0.0044474,-0.019488,-0.0017834,0.010441
V2_pop,0.011699,-0.41604,0.0097153,1,-0.005354,-0.10889,-0.0069309,-0.68126,0.046737
omega_Cl,-0.0052434,0.017381,0.0082472,-0.005354,1,-0.0053477,0.013997,-0.00119,-0.016655
omega_V1,-0.0025546,0.28823,0.0044474,-0.10889,-0.0053477,1,-0.043601,-0.090027,0.00070363
omega_Q,-0.0035127,0.041245,-0.019488,-0.0069309,0.013997,-0.043601,1,0.057258,-0.067826
omega_V2,-0.002674,0.42073,-0.0017834,-0.68126,-0.00119,-0.090027,0.057258,1,-0.03996
b,0.014659,0.017853,0.010441,0.046737,-0.016655,0.00070363,-0.067826,-0.03996,1
