Cl_pop,0.52157,-1.4169e-7,0.070025,2.0748e-7,-0.0001926,-3.9517e-10,-0.00059076,-6.2938e-10,8.7226e-5
V1_pop,-1.4169e-7,2.8434e-10,-9.1467e-7,-1.7227e-10,1.4907e-8,1.041e-12,1.6196e-7,2.3121e-12,2.4803e-9
Q_pop,0.070025,-9.1467e-7,7.1918,6.3978e-7,0.0011249,2.5546e-9,-0.01217,-1.5587e-9,0.0002307
V2_pop,2.0748e-7,-1.7227e-10,6.3978e-7,6.03e-10,-6.687e-9,-5.7273e-13,-3.9634e-8,-5.4521e-12,9.4559e-9
omega_Cl,-0.0001926,1.4907e-8,0.0011249,-6.687e-9,0.0025869,-5.8259e-11,0.00016579,-1.9726e-11,-6.9794e-6
omega_V1,-3.9517e-10,1.041e-12,2.5546e-9,-5.7273e-13,-5.8259e-11,4.5877e-14,-2.1748e-9,-6.2843e-15,1.2417e-12
omega_Q,-0.00059076,1.6196e-7,-0.01217,-3.9634e-8,0.00016579,-2.1748e-9,0.054229,4.3455e-9,-0.00013014
omega_V2,-6.2938e-10,2.3121e-12,-1.5587e-9,-5.4521e-12,-1.9726e-11,-6.2843e-15,4.3455e-9,1.0621e-13,-1.073e-10
b,8.7226e-5,2.4803e-9,0.0002307,9.4559e-9,-6.9794e-6,1.2417e-12,-0.00013014,-1.073e-10,6.7885e-5
