Cl_pop,1,0.050434,0.041904,-0.041073,-0.0074439,-0.021533,-0.0055071,0.044927,0.011587
V1_pop,0.050434,1,0.10111,-0.39254,-0.052678,-0.32018,-0.039896,0.60326,-0.010571
Q_pop,0.041904,0.10111,1,-0.080883,0.0026101,-0.082105,-0.010264,0.093506,0.0029908
V2_pop,-0.041073,-0.39254,-0.080883,1,0.030216,0.074819,-0.037412,-0.60958,-0.0016835
omega_Cl,-0.0074439,-0.052678,0.0026101,0.030216,1,0.037061,0.019662,-0.042133,-0.016501
omega_V1,-0.021533,-0.32018,-0.082105,0.074819,0.037061,1,0.091221,-0.22842,0.064973
omega_Q,-0.0055071,-0.039896,-0.010264,-0.037412,0.019662,0.091221,1,-0.0071493,-0.061638
omega_V2,0.044927,0.60326,0.093506,-0.60958,-0.042133,-0.22842,-0.0071493,1,0.012799
b,0.011587,-0.010571,0.0029908,-0.0016835,-0.016501,0.064973,-0.061638,0.012799,1
