Cl_pop,0.51983,2.743e-7,0.085542,-3.1067e-6,-0.00027412,-1.0282e-9,-0.00093972,2.6207e-8,6.8571e-5
V1_pop,2.743e-7,5.6906e-11,2.1596e-6,-3.1066e-10,-2.0297e-8,-1.5996e-13,-7.1227e-8,3.6819e-12,-6.5455e-10
Q_pop,0.085542,2.1596e-6,8.0163,-2.4025e-5,0.00037745,-1.5396e-8,-0.0068781,2.142e-7,6.9503e-5
V2_pop,-3.1067e-6,-3.1066e-10,-2.4025e-5,1.1006e-8,1.6191e-7,5.1983e-13,-9.289e-7,-5.1741e-11,-1.4496e-9
omega_Cl,-0.00027412,-2.0297e-8,0.00037745,1.6191e-7,0.0026087,1.2536e-10,0.00023768,-1.7411e-9,-6.9176e-6
omega_V1,-1.0282e-9,-1.5996e-13,-1.5396e-8,5.1983e-13,1.2536e-10,4.386e-15,1.4298e-9,-1.2239e-14,3.5318e-11
omega_Q,-0.00093972,-7.1227e-8,-0.0068781,-9.289e-7,0.00023768,1.4298e-9,0.056013,-1.369e-9,-0.00011974
omega_V2,2.6207e-8,3.6819e-12,2.142e-7,-5.1741e-11,-1.7411e-9,-1.2239e-14,-1.369e-9,6.546e-13,8.4993e-11
b,6.8571e-5,-6.5455e-10,6.9503e-5,-1.4496e-9,-6.9176e-6,3.5318e-11,-0.00011974,8.4993e-11,6.7368e-5
