Cl_pop,0.12381,-0.012243,0.021783,-0.034746,-4.2135e-5,-0.00030492,7.0755e-5,0.00038675,0.00023877,-4.8514e-5,1.7257e-5
V1_pop,-0.012243,3.6179,-1.1571,5.3605,-0.00038833,0.00071,-0.00062533,-0.055259,-0.017711,-0.0017235,0.001643
Q_pop,0.021783,-1.1571,2.5193,-1.6926,0.00052451,-0.005545,0.00051557,0.077925,0.0073586,0.00098242,-0.0012547
V2_pop,-0.034746,5.3605,-1.6926,10.645,0.0038241,-0.014154,-0.0071417,-0.0086415,-0.083989,-0.0025538,0.0015107
omega_Cl,-4.2135e-5,-0.00038833,0.00052451,0.0038241,0.0023844,-7.378e-5,-9.528e-6,0.00022493,-0.00015505,2.4757e-5,-1.1831e-5
omega_V1,-0.00030492,0.00071,-0.005545,-0.014154,-7.378e-5,0.0054865,0.00010029,-0.0035934,0.0063664,1.0439e-5,-3.9192e-5
corr_V2_V1,7.0755e-5,-0.00062533,0.00051557,-0.0071417,-9.528e-6,0.00010029,5.2865e-5,-0.00035217,0.00033639,7.2463e-6,-2.1514e-6
omega_Q,0.00038675,-0.055259,0.077925,-0.0086415,0.00022493,-0.0035934,-0.00035217,0.029753,-0.0048623,3.9946e-5,-7.538e-5
omega_V2,0.00023877,-0.017711,0.0073586,-0.083989,-0.00015505,0.0063664,0.00033639,-0.0048623,0.009693,6.2e-5,-5.3987e-5
a1,-4.8514e-5,-0.0017235,0.00098242,-0.0025538,2.4757e-5,1.0439e-5,7.2463e-6,3.9946e-5,6.2e-5,0.00052339,-1.6864e-5
a2,1.7257e-5,0.001643,-0.0012547,0.0015107,-1.1831e-5,-3.9192e-5,-2.1514e-6,-7.538e-5,-5.3987e-5,-1.6864e-5,4.1791e-5
