Cl_pop,0.49704,-0.057551,0.10337,-0.17104,0.0001521,-0.00038053,5.2385e-5,0.0017459,-0.0014962,-9.6104e-5,3.8115e-5
V1_pop,-0.057551,12.881,-3.6044,22.902,-0.00085256,-0.0055206,-0.0016464,-0.10462,0.012313,-0.0015167,0.0013831
Q_pop,0.10337,-3.6044,9.5638,-7.4933,0.0023601,-0.0044086,0.0016057,0.13558,-0.023418,0.00019278,-0.00074154
V2_pop,-0.17104,22.902,-7.4933,46.87,-0.0059958,-0.0061418,-0.0052564,-0.17649,0.073932,-0.0030512,0.00099601
omega_Cl,0.0001521,-0.00085256,0.0023601,-0.0059958,0.0023758,-5.1541e-5,4.3433e-6,0.00016786,-0.00012351,2.1474e-5,-6.3145e-6
omega_V1,-0.00038053,-0.0055206,-0.0044086,-0.0061418,-5.1541e-5,0.0043051,6.7325e-5,-0.0019899,0.0057096,1.7806e-5,-5.2136e-5
corr_V2_V1,5.2385e-5,-0.0016464,0.0016057,-0.0052564,4.3433e-6,6.7325e-5,1.2759e-5,-1.8865e-5,4.609e-6,3.8586e-6,-2.303e-6
omega_Q,0.0017459,-0.10462,0.13558,-0.17649,0.00016786,-0.0019899,-1.8865e-5,0.032553,-0.0029784,3.9416e-5,-6.1012e-5
omega_V2,-0.0014962,0.012313,-0.023418,0.073932,-0.00012351,0.0057096,4.609e-6,-0.0029784,0.0096458,-3.5977e-5,-3.3719e-5
a1,-9.6104e-5,-0.0015167,0.00019278,-0.0030512,2.1474e-5,1.7806e-5,3.8586e-6,3.9416e-5,-3.5977e-5,0.00051989,-1.2648e-5
a2,3.8115e-5,0.0013831,-0.00074154,0.00099601,-6.3145e-6,-5.2136e-5,-2.303e-6,-6.1012e-5,-3.3719e-5,-1.2648e-5,3.9775e-5
