Cl_pop,1,0.010296,0.036624,0.0007332,-0.0028627,-0.0045039,-0.0041841,-0.0018549,0.013946
V1_pop,0.010296,1,0.054199,0.78096,0.025399,-0.74208,-0.0055347,-0.544,0.076637
Q_pop,0.036624,0.054199,1,0.038108,0.010487,-0.040957,-0.018627,-0.024664,0.014519
V2_pop,0.0007332,0.78096,0.038108,1,0.0025349,-0.70201,-0.00090174,-0.6525,0.097436
omega_Cl,-0.0028627,0.025399,0.010487,0.0025349,1,-0.020642,0.013858,0.00029611,-0.017326
omega_V1,-0.0045039,-0.74208,-0.040957,-0.70201,-0.020642,1,0.042961,0.39717,-0.078308
omega_Q,-0.0041841,-0.0055347,-0.018627,-0.00090174,0.013858,0.042961,1,-0.0068508,-0.063814
omega_V2,-0.0018549,-0.544,-0.024664,-0.6525,0.00029611,0.39717,-0.0068508,1,-0.056183
b,0.013946,0.076637,0.014519,0.097436,-0.017326,-0.078308,-0.063814,-0.056183,1
