Cl_pop,0.5241,9.5393e-7,0.074133,-4.5743e-7,-0.00013955,3.4354e-9,-0.00032624,2.6128e-10,4.3202e-5
V1_pop,9.5393e-7,2.5941e-9,1.3816e-6,-8.7188e-10,2.9561e-7,-9.1319e-12,1.7434e-6,-1.4273e-11,-1.0972e-7
Q_pop,0.074133,1.3816e-6,7.1398,-1.3481e-6,0.0010994,5.0243e-8,-0.015684,4.1101e-8,0.0002134
V2_pop,-4.5743e-7,-8.7188e-10,-1.3481e-6,4.2091e-10,-1.1924e-7,1.8969e-12,-5.105e-7,4.4088e-12,4.1727e-8
omega_Cl,-0.00013955,2.9561e-7,0.0010994,-1.1924e-7,0.0026623,-1.6269e-9,0.00040459,-2.334e-9,-2.1976e-5
omega_V1,3.4354e-9,-9.1319e-12,5.0243e-8,1.8969e-12,-1.6269e-9,1.3399e-13,-1.1358e-8,1.3081e-13,5.5133e-10
omega_Q,-0.00032624,1.7434e-6,-0.015684,-5.105e-7,0.00040459,-1.1358e-8,0.054451,-1.4993e-8,-0.00020032
omega_V2,2.6128e-10,-1.4273e-11,4.1101e-8,4.4088e-12,-2.334e-9,1.3081e-13,-1.4993e-8,1.5844e-13,8.0552e-10
b,4.3202e-5,-1.0972e-7,0.0002134,4.1727e-8,-2.1976e-5,5.5133e-10,-0.00020032,8.0552e-10,7.2018e-5
