Cl_pop,0.52358,3.6073e-7,0.073963,-5.312e-8,-0.00013266,1.8156e-9,-0.001151,1.5107e-9,8.0022e-5
V1_pop,3.6073e-7,2.6694e-9,9.4874e-6,2.0278e-10,2.7128e-8,2.3035e-12,-1.0532e-6,-4.3998e-12,-7.1633e-9
Q_pop,0.073963,9.4874e-6,7.5096,6.5698e-7,0.0014725,-9.0748e-8,-0.018285,-2.8932e-10,0.00024077
V2_pop,-5.312e-8,2.0278e-10,6.5698e-7,2.6263e-10,1.3468e-8,-1.0512e-11,-1.367e-7,-2.8781e-12,2.46e-9
omega_Cl,-0.00013266,2.7128e-8,0.0014725,1.3468e-8,0.0026257,-1.9321e-9,0.00016393,-1.7956e-10,-7.1494e-6
omega_V1,1.8156e-9,2.3035e-12,-9.0748e-8,-1.0512e-11,-1.9321e-9,2.0902e-12,5.3053e-9,1.9271e-14,-3.2659e-10
omega_Q,-0.001151,-1.0532e-6,-0.018285,-1.367e-7,0.00016393,5.3053e-9,0.054826,5.4278e-10,-0.00011613
omega_V2,1.5107e-9,-4.3998e-12,-2.8932e-10,-2.8781e-12,-1.7956e-10,1.9271e-14,5.4278e-10,6.8154e-14,-1.2532e-12
b,8.0022e-5,-7.1633e-9,0.00024077,2.46e-9,-7.1494e-6,-3.2659e-10,-0.00011613,-1.2532e-12,6.7293e-5
