Cl_pop,0.0888,0.00839,0.000178,0.00899,-0.00509,0,0,0,0,0,0,0
beta_Cl_logtCLCRMLMIN,0.00839,0.0594,0.0033,-0.00177,0.0104,0,0,0,0,0,0,0
V1_pop,0.000178,0.0033,2.81,-0.301,2.87,0,0,0,0,0,0,0
Q_pop,0.00899,-0.00177,-0.301,1.52,-0.275,0,0,0,0,0,0,0
V2_pop,-0.00509,0.0104,2.87,-0.275,8.15,0,0,0,0,0,0,0
omega_Cl,0,0,0,0,0,0.0016,1.65e-7,-1.66e-5,-1.68e-6,1.71e-6,-1.03e-7,-1.79e-6
omega_V1,0,0,0,0,0,1.65e-7,0.00391,0.000706,-0.000264,0.00311,-8.18e-7,-1.42e-5
corr_V2_V1,0,0,0,0,0,-1.66e-5,0.000706,0.098,0.00185,-0.0203,3.98e-5,0.000691
omega_Q,0,0,0,0,0,-1.68e-6,-0.000264,0.00185,0.0239,-0.000544,-3.49e-6,-6.06e-5
omega_V2,0,0,0,0,0,1.71e-6,0.00311,-0.0203,-0.000544,0.018,-9.37e-6,-0.000163
a1,0,0,0,0,0,-1.03e-7,-8.18e-7,3.98e-5,-3.49e-6,-9.37e-6,0.000495,-2.12e-6
a2,0,0,0,0,0,-1.79e-6,-1.42e-5,0.000691,-6.06e-5,-0.000163,-2.12e-6,4.06e-5
