Cl_pop,1,-0.040791,0.024223,-0.19704,0,0,0,0,0
V1_pop,-0.040791,1,-0.24743,0.22735,0,0,0,0,0
Q_pop,0.024223,-0.24743,1,-0.10493,0,0,0,0,0
V2_pop,-0.19704,0.22735,-0.10493,1,0,0,0,0,0
omega_Cl,0,0,0,0,1,0.0024355,-0.011613,-0.071702,-0.0031483
omega_V1,0,0,0,0,0.0024355,1,-0.041627,-0.02177,-0.1692
omega_Q,0,0,0,0,-0.011613,-0.041627,1,-0.037902,-0.1336
omega_V2,0,0,0,0,-0.071702,-0.02177,-0.037902,1,-0.10334
b,0,0,0,0,-0.0031483,-0.1692,-0.1336,-0.10334,1
