f_pop,0.0029523,-0.0009632,0.012494,6.4761e-9,0.053017,-3.5685e-9,1.0205e-9,2.4879e-5,8.9846e-5,0.00015833,nan,0.0029309,-2.9196e-11,-5.2302e-10,-8.001e-5,0.00012713
Cl_pop,-0.0009632,0.63684,-0.51756,-4.66e-7,-2.7677,1.394e-7,-5.8109e-9,-0.0003902,-0.0022848,-0.0052928,nan,-0.14746,1.151e-9,8.324e-9,-0.0057957,0.00071834
V1_pop,0.012494,-0.51756,11.65,2.9183e-6,15.124,-7.0697e-7,-4.0891e-8,0.0040321,0.014585,0.028044,nan,0.77215,-4.0427e-9,-1.2136e-8,0.10633,-0.070118
Q2_pop,6.4761e-9,-4.66e-7,2.9183e-6,3.8546e-12,1.2126e-5,-7.9066e-13,-7.7876e-14,1.001e-9,9.7001e-9,3.354e-8,nan,6.7157e-7,-1.9451e-15,-6.2856e-15,6.9516e-8,-3.0365e-9
V2_pop,0.053017,-2.7677,15.124,1.2126e-5,183,-3.6224e-6,1.5963e-7,0.02029,0.076656,0.14459,nan,3.8821,-5.0594e-8,-1.5732e-7,0.13767,-0.0053865
Q3_pop,-3.5685e-9,1.394e-7,-7.0697e-7,-7.9066e-13,-3.6224e-6,2.6438e-13,-2.523e-14,-1.1576e-9,-3.4506e-9,-1.1664e-8,nan,-2.1336e-7,2.8106e-15,1.8664e-14,-1.5159e-9,-9.2903e-9
V3_pop,1.0205e-9,-5.8109e-9,-4.0891e-8,-7.7876e-14,1.5963e-7,-2.523e-14,3.1109e-14,3.0164e-10,5.566e-10,1.5246e-9,nan,1.4704e-8,-1.4422e-15,-9.1992e-15,-8.7037e-9,4.7759e-9
omega_f,2.4879e-5,-0.0003902,0.0040321,1.001e-9,0.02029,-1.1576e-9,3.0164e-10,0.0017995,2.5683e-5,0.00011425,nan,0.0010397,-3.5016e-11,-4.3187e-11,-0.00017451,-0.00010377
omega_Cl,8.9846e-5,-0.0022848,0.014585,9.7001e-9,0.076656,-3.4506e-9,5.566e-10,2.5683e-5,0.0029063,-4.2674e-5,nan,0.0036977,-3.0303e-11,-2.8872e-10,2.0118e-5,0.0001639
omega_V1,0.00015833,-0.0052928,0.028044,3.354e-8,0.14459,-1.1664e-8,1.5246e-9,0.00011425,-4.2674e-5,0.0036013,nan,0.0096774,-1.899e-10,-8.0047e-10,-0.0019844,0.0015544
omega_Q2,nan,nan,nan,nan,nan,nan,nan,nan,nan,nan,nan,nan,nan,nan,nan,nan
omega_V2,0.0029309,-0.14746,0.77215,6.7157e-7,3.8821,-2.1336e-7,1.4704e-8,0.0010397,0.0036977,0.0096774,nan,0.26959,-2.1504e-9,-1.4905e-8,-0.0023331,0.0055016
omega_Q3,-2.9196e-11,1.151e-9,-4.0427e-9,-1.9451e-15,-5.0594e-8,2.8106e-15,-1.4422e-15,-3.5016e-11,-3.0303e-11,-1.899e-10,nan,-2.1504e-9,6.5704e-16,2.688e-16,8.163e-10,-3.1556e-11
omega_V3,-5.2302e-10,8.324e-9,-1.2136e-8,-6.2856e-15,-1.5732e-7,1.8664e-14,-9.1992e-15,-4.3187e-11,-2.8872e-10,-8.0047e-10,nan,-1.4905e-8,2.688e-16,5.6915e-15,2.8479e-9,-3.0958e-9
a1,-8.001e-5,-0.0057957,0.10633,6.9516e-8,0.13767,-1.5159e-9,-8.7037e-9,-0.00017451,2.0118e-5,-0.0019844,nan,-0.0023331,8.163e-10,2.8479e-9,0.045229,-0.01278
a2,0.00012713,0.00071834,-0.070118,-3.0365e-9,-0.0053865,-9.2903e-9,4.7759e-9,-0.00010377,0.0001639,0.0015544,nan,0.0055016,-3.1556e-11,-3.0958e-9,-0.01278,0.054216
