Cl_pop,0.49783,-0.02035,0.10736,-0.1148,0,0,0,0,0
V1_pop,-0.02035,8.7712,-3.8722,2.9634,0,0,0,0,0
Q_pop,0.10736,-3.8722,6.919,-3.3704,0,0,0,0,0
V2_pop,-0.1148,2.9634,-3.3704,144.3,0,0,0,0,0
omega_Cl,0,0,0,0,0.0024793,7.8032e-7,-2.013e-5,-4.2614e-5,-4.4244e-6
omega_V1,0,0,0,0,7.8032e-7,0.0032847,-0.002594,-0.00025029,-6.827e-5
omega_Q,0,0,0,0,-2.013e-5,-0.002594,0.047988,0.00028645,-0.00037316
omega_V2,0,0,0,0,-4.2614e-5,-0.00025029,0.00028645,0.057587,-0.00020757
b,0,0,0,0,-4.4244e-6,-6.827e-5,-0.00037316,-0.00020757,9.1576e-5
