Cl_pop,0.578,-0.965,0.00103,-0.0639,-0.168,-0.343,0.104,0.00302,0.0118,nan,-0.000224
beta_Cl_logtCLCR,-0.965,2.76,-0.00188,0.113,0.278,0.632,-0.107,-0.00419,-0.0289,nan,0.000263
V1_pop,0.00103,-0.00188,0.0046,-5.31e-05,0.000384,-0.000314,-0.0014,5.68e-05,7.19e-05,nan,4.01e-06
Q_pop,-0.0639,0.113,-5.31e-05,0.0172,0.0194,0.0408,-0.0133,-0.000463,-0.00116,nan,2.14e-05
V2_pop,-0.168,0.278,0.000384,0.0194,0.0563,0.105,-0.0381,-0.000927,-0.00359,nan,9.8e-05
omega_Cl,-0.343,0.632,-0.000314,0.0408,0.105,0.251,-0.0564,-0.00175,-0.00781,nan,0.00012
corr_V1_Cl,0.104,-0.107,-0.0014,-0.0133,-0.0381,-0.0564,0.139,0.00225,-0.00271,nan,-7.52e-05
omega_V1,0.00302,-0.00419,5.68e-05,-0.000463,-0.000927,-0.00175,0.00225,0.00266,-5.91e-05,nan,-8.87e-06
omega_Q,0.0118,-0.0289,7.19e-05,-0.00116,-0.00359,-0.00781,-0.00271,-5.91e-05,0.00665,nan,-1.27e-05
a,nan,nan,nan,nan,nan,nan,nan,nan,nan,nan,nan
b,-0.000224,0.000263,4.01e-06,2.14e-05,9.8e-05,0.00012,-7.52e-05,-8.87e-06,-1.27e-05,nan,7.11e-06
