Cl_pop,1,0.016678,0.027219,-0.023962,0,0,0,0,0
V1_pop,0.016678,1,-0.21768,0.21957,0,0,0,0,0
Q_pop,0.027219,-0.21768,1,-0.097399,0,0,0,0,0
V2_pop,-0.023962,0.21957,-0.097399,1,0,0,0,0,0
omega_Cl,0,0,0,0,1,0.0007639,-0.00040819,-0.0013455,-0.0085589
omega_V1,0,0,0,0,0.0007639,1,-0.023091,-0.00034215,-0.25907
omega_Q,0,0,0,0,-0.00040819,-0.023091,1,0.012806,-0.056652
omega_V2,0,0,0,0,-0.0013455,-0.00034215,0.012806,1,-0.29171
b,0,0,0,0,-0.0085589,-0.25907,-0.056652,-0.29171,1
