Cl_pop,0.124,-0.020809,0.027011,-0.042932,-5.2888e-6,-0.00036812,-2.8638e-6,0.0015589,-0.00076351,-6.17e-5,-2.4035e-6
V1_pop,-0.020809,3.825,-1.1608,7.2626,-0.00088022,0.014291,0.00024855,-0.082005,0.034244,-0.00088018,0.0013838
Q_pop,0.027011,-1.1608,2.2251,-2.424,0.0011626,-0.0087589,-0.0001046,0.078039,-0.020867,0.00020753,-0.0012865
V2_pop,-0.042932,7.2626,-2.424,14.892,-0.0032022,0.024681,6.5154e-5,-0.17603,0.077776,-0.001852,0.0033906
omega_Cl,-5.2888e-6,-0.00088022,0.0011626,-0.0032022,0.0024899,-5.9075e-5,1.4208e-6,0.00020685,-9.3956e-5,2.4762e-5,-1.2355e-5
omega_V1,-0.00036812,0.014291,-0.0087589,0.024681,-5.9075e-5,0.0045014,5.0328e-5,-0.0023778,0.0065304,4.6014e-6,-1.3761e-5
corr_V2_V1,-2.8638e-6,0.00024855,-0.0001046,6.5154e-5,1.4208e-6,5.0328e-5,3.9394e-6,-1.1615e-5,7.9912e-5,-6.0082e-7,-1.8802e-7
omega_Q,0.0015589,-0.082005,0.078039,-0.17603,0.00020685,-0.0023778,-1.1615e-5,0.026602,-0.0042576,5.9205e-5,-0.0001151
omega_V2,-0.00076351,0.034244,-0.020867,0.077776,-9.3956e-5,0.0065304,7.9912e-5,-0.0042576,0.010278,-4.7567e-6,-5.593e-6
a1,-6.17e-5,-0.00088018,0.00020753,-0.001852,2.4762e-5,4.6014e-6,-6.0082e-7,5.9205e-5,-4.7567e-6,0.00051991,-1.3547e-5
a2,-2.4035e-6,0.0013838,-0.0012865,0.0033906,-1.2355e-5,-1.3761e-5,-1.8802e-7,-0.0001151,-5.593e-6,-1.3547e-5,3.7893e-5
