Cl_pop,1,-0.7354,0.7699,-0.65749,0.068746,0.6899,nan,-0.75226,0.2025
V1_pop,-0.7354,1,-0.96362,0.73847,-0.14636,-0.93352,nan,0.93201,-0.26687
Q_pop,0.7699,-0.96362,1,-0.78385,0.15078,0.89544,nan,-0.9287,0.2546
V2_pop,-0.65749,0.73847,-0.78385,1,-0.091741,-0.6908,nan,0.76162,-0.1739
omega_Cl,0.068746,-0.14636,0.15078,-0.091741,1,0.12515,nan,-0.15146,0.059136
omega_V1,0.6899,-0.93352,0.89544,-0.6908,0.12515,1,nan,-0.87443,0.2545
omega_Q,nan,nan,nan,nan,nan,nan,nan,nan,nan
omega_V2,-0.75226,0.93201,-0.9287,0.76162,-0.15146,-0.87443,nan,1,-0.26334
b,0.2025,-0.26687,0.2546,-0.1739,0.059136,0.2545,nan,-0.26334,1
