Cl_pop,1,0.0996,0.501,0.0468,-0.0635,-0.0146,-0.00597,-0.018,0.00713,0.0293
beta_Cl_logtCLCR,0.0996,1,0.0141,0.0137,-0.0341,-0.0231,-0.0268,-0.104,0.0191,0.0588
V1_pop,0.501,0.0141,1,-0.222,0.179,0.0269,-0.144,0.0445,-0.211,-0.0382
Q_pop,0.0468,0.0137,-0.222,1,-0.213,-0.0256,0.106,-0.0802,0.212,0.0587
V2_pop,-0.0635,-0.0341,0.179,-0.213,1,0.0708,0.023,-0.0392,-8.17e-05,-0.167
omega_Cl,-0.0146,-0.0231,0.0269,-0.0256,0.0708,1,0.334,0.285,-0.0036,-0.0287
corr_V1_Cl,-0.00597,-0.0268,-0.144,0.106,0.023,0.334,1,0.295,0.144,-0.0185
omega_V1,-0.018,-0.104,0.0445,-0.0802,-0.0392,0.285,0.295,1,-0.151,-0.0656
omega_Q,0.00713,0.0191,-0.211,0.212,-8.17e-05,-0.0036,0.144,-0.151,1,-0.0223
b,0.0293,0.0588,-0.0382,0.0587,-0.167,-0.0287,-0.0185,-0.0656,-0.0223,1
