Cl_pop,0.00353,0.00129,0.00217,0.0006,-0.00051,-3.66e-05,-7.11e-05,-5.88e-05,7.43e-05,4.11e-06
beta_Cl_logtCLCR,0.00129,0.0474,0.000224,0.000643,-0.001,-0.000213,-0.00117,-0.00124,0.00073,3.02e-05
V1_pop,0.00217,0.000224,0.0053,-0.00349,0.00176,8.28e-05,-0.00211,0.000178,-0.0027,-6.57e-06
Q_pop,0.0006,0.000643,-0.00349,0.0467,-0.00621,-0.000234,0.0046,-0.000954,0.00805,2.99e-05
V2_pop,-0.00051,-0.001,0.00176,-0.00621,0.0183,0.000405,0.000622,-0.000292,-1.94e-06,-5.32e-05
omega_Cl,-3.66e-05,-0.000213,8.28e-05,-0.000234,0.000405,0.00179,0.00283,0.000663,-2.68e-05,-2.86e-06
corr_V1_Cl,-7.11e-05,-0.00117,-0.00211,0.0046,0.000622,0.00283,0.0402,0.00326,0.00507,-8.74e-06
omega_V1,-5.88e-05,-0.00124,0.000178,-0.000954,-0.000292,0.000663,0.00326,0.00303,-0.00146,-8.52e-06
omega_Q,7.43e-05,0.00073,-0.0027,0.00805,-1.94e-06,-2.68e-05,0.00507,-0.00146,0.0308,-9.25e-06
b,4.11e-06,3.02e-05,-6.57e-06,2.99e-05,-5.32e-05,-2.86e-06,-8.74e-06,-8.52e-06,-9.25e-06,5.56e-06
