Cl_pop,1,-0.03894,0.035533,-0.042959,-0.011503,-0.047384,-0.029724,-0.044362,0.0051163
V1_pop,-0.03894,1,0.0045277,0.9562,0.1072,0.85322,0.56305,0.89802,0.19641
Q_pop,0.035533,0.0045277,1,0.0010917,0.0091852,-0.0047326,-0.026079,0.00053733,0.011876
V2_pop,-0.042959,0.9562,0.0010917,1,0.10835,0.90857,0.59109,0.94151,0.19066
omega_Cl,-0.011503,0.1072,0.0091852,0.10835,1,0.091236,0.074731,0.099478,0.0055198
omega_V1,-0.047384,0.85322,-0.0047326,0.90857,0.091236,1,0.54553,0.90063,0.16488
omega_Q,-0.029724,0.56305,-0.026079,0.59109,0.074731,0.54553,1,0.55881,0.063215
omega_V2,-0.044362,0.89802,0.00053733,0.94151,0.099478,0.90063,0.55881,1,0.1702
b,0.0051163,0.19641,0.011876,0.19066,0.0055198,0.16488,0.063215,0.1702,1
