Cl_pop,0.15278,-0.13742,0.049932,-3.5564,-0.0012612,7.1821e-5,0.018202,0.013113,-0.077008,-0.00017191,-0.00038824
V1_pop,-0.13742,3.9619,-0.52723,23.285,-0.0033995,7.1853e-5,0.012706,-0.079293,0.26263,-0.0012078,0.0032455
Q_pop,0.049932,-0.52723,1.0639,-4.3905,0.0006295,0.0054217,0.009133,0.029632,-0.029759,0.00031319,-0.0014654
V2_pop,-3.5564,23.285,-4.3905,389.28,-0.050526,0.010823,-1.214,-0.94423,6.0258,0.0063052,0.034477
omega_Cl,-0.0012612,-0.0033995,0.0006295,-0.050526,0.0025188,-0.00017379,-0.0014348,0.00028377,-0.001309,3.0269e-5,-2.4138e-5
omega_V1,7.1821e-5,7.1853e-5,0.0054217,0.010823,-0.00017379,0.0044494,0.0095891,6.4226e-5,0.0063529,3.0294e-6,-2.3766e-5
corr_V2_V1,0.018202,0.012706,0.009133,-1.214,-0.0014348,0.0095891,0.081013,0.0066631,-0.021848,-0.000263,-3.5509e-5
omega_Q,0.013113,-0.079293,0.029632,-0.94423,0.00028377,6.4226e-5,0.0066631,0.026446,-0.029746,7.9207e-5,-0.00037473
omega_V2,-0.077008,0.26263,-0.029759,6.0258,-0.001309,0.0063529,-0.021848,-0.029746,0.19845,0.00015287,0.0007651
a1,-0.00017191,-0.0012078,0.00031319,0.0063052,3.0269e-5,3.0294e-6,-0.000263,7.9207e-5,0.00015287,0.00052422,-1.9131e-5
a2,-0.00038824,0.0032455,-0.0014654,0.034477,-2.4138e-5,-2.3766e-5,-3.5509e-5,-0.00037473,0.0007651,-1.9131e-5,5.5766e-5
