Cl_pop,0.49648,-0.024315,0.06675,-0.048193,-6.1398e-5,-0.00093402,-0.00013822,0.00043519,-0.0013065,-0.00012217,4.8223e-5
V1_pop,-0.024315,13.972,-3.6322,17.767,0.00033905,-0.010052,-0.0041754,-0.1312,-0.018757,-0.00064372,0.00075333
Q_pop,0.06675,-3.6322,9.8915,-4.0981,0.0012074,-0.014508,0.0012517,0.18183,-0.016485,-0.0001162,-0.00097401
V2_pop,-0.048193,17.767,-4.0981,26.042,-0.002646,0.0616,0.011291,-0.12939,0.093407,-0.0029431,0.0034054
omega_Cl,-6.1398e-5,0.00033905,0.0012074,-0.002646,0.0024254,-0.00017784,-3.0556e-5,0.00013812,-0.00025117,2.7311e-5,-1.9093e-5
omega_V1,-0.00093402,-0.010052,-0.014508,0.0616,-0.00017784,0.0088836,0.00075873,-0.0020152,0.010891,-5.8143e-5,6.2214e-5
corr_V2_V1,-0.00013822,-0.0041754,0.0012517,0.011291,-3.0556e-5,0.00075873,0.00014823,8.0056e-5,0.0010822,-1.6645e-5,1.8891e-5
omega_Q,0.00043519,-0.1312,0.18183,-0.12939,0.00013812,-0.0020152,8.0056e-5,0.030154,-0.0022771,5.3432e-5,-0.00011331
omega_V2,-0.0013065,-0.018757,-0.016485,0.093407,-0.00025117,0.010891,0.0010822,-0.0022771,0.014334,-0.00010018,0.00011904
a1,-0.00012217,-0.00064372,-0.0001162,-0.0029431,2.7311e-5,-5.8143e-5,-1.6645e-5,5.3432e-5,-0.00010018,0.00052286,-1.8688e-5
a2,4.8223e-5,0.00075333,-0.00097401,0.0034054,-1.9093e-5,6.2214e-5,1.8891e-5,-0.00011331,0.00011904,-1.8688e-5,4.8157e-5
