Cl_pop,0.12528,-0.0050806,0.01144,-0.0015687,8.6794e-5,0.00061463,0.00014028,-0.00033253,0.0010606,-7.1606e-5,1.0299e-5
V1_pop,-0.0050806,2.8931,-1.0054,5.3983,-0.0017393,0.031513,0.007101,-0.09052,0.067463,-0.0010538,0.00077593
Q_pop,0.01144,-1.0054,3.2007,-3.6742,0.0056677,-0.098887,-0.020255,0.20529,-0.20149,0.001351,-0.0014261
V2_pop,-0.0015687,5.3983,-3.6742,14.567,-0.013292,0.24793,0.05456,-0.42346,0.52026,-0.0044021,0.0035987
omega_Cl,8.6794e-5,-0.0017393,0.0056677,-0.013292,0.0024604,-0.00052004,-0.00010767,0.0007821,-0.001055,3.2123e-5,-1.4778e-5
omega_V1,0.00061463,0.031513,-0.098887,0.24793,-0.00052004,0.013943,0.0021463,-0.014635,0.025107,-0.00011119,7.0614e-5
corr_V2_V1,0.00014028,0.007101,-0.020255,0.05456,-0.00010767,0.0021463,0.00045859,-0.0028622,0.0043067,-2.7329e-5,2.2849e-5
omega_Q,-0.00033253,-0.09052,0.20529,-0.42346,0.0007821,-0.014635,-0.0028622,0.045481,-0.029121,0.00022273,-0.00017969
omega_V2,0.0010606,0.067463,-0.20149,0.52026,-0.001055,0.025107,0.0043067,-0.029121,0.047478,-0.00024883,0.00017054
a1,-7.1606e-5,-0.0010538,0.001351,-0.0044021,3.2123e-5,-0.00011119,-2.7329e-5,0.00022273,-0.00024883,0.0005206,-1.1814e-5
a2,1.0299e-5,0.00077593,-0.0014261,0.0035987,-1.4778e-5,7.0614e-5,2.2849e-5,-0.00017969,0.00017054,-1.1814e-5,3.6238e-5
