Cl_pop,0.51577,-2.7973e-7,0.07284,1.2937e-7,-0.00011752,-7.6929e-9,-0.00073,6.1302e-10,8.2369e-5
V1_pop,-2.7973e-7,2.356e-9,3.6607e-6,-1.4453e-9,3.615e-8,1.5826e-11,-1.0703e-7,-9.1036e-13,-3.9451e-8
Q_pop,0.07284,3.6607e-6,7.9275,-4.9449e-6,0.0015916,-4.7473e-8,-0.0053585,2.9674e-12,5.0239e-5
V2_pop,1.2937e-7,-1.4453e-9,-4.9449e-6,2.2041e-9,9.2128e-9,-4.9289e-12,-3.0034e-7,3.7627e-12,5.0383e-8
omega_Cl,-0.00011752,3.615e-8,0.0015916,9.2128e-9,0.0025836,2.2012e-10,0.00016424,1.059e-10,-8.0638e-6
omega_V1,-7.6929e-9,1.5826e-11,-4.7473e-8,-4.9289e-12,2.2012e-10,4.0555e-13,-7.8282e-10,-1.87e-14,-1.8319e-11
omega_Q,-0.00073,-1.0703e-7,-0.0053585,-3.0034e-7,0.00016424,-7.8282e-10,0.052739,-4.6473e-9,-0.00011128
omega_V2,6.1302e-10,-9.1036e-13,2.9674e-12,3.7627e-12,1.059e-10,-1.87e-14,-4.6473e-9,6.3146e-14,7.628e-11
b,8.2369e-5,-3.9451e-8,5.0239e-5,5.0383e-8,-8.0638e-6,-1.8319e-11,-0.00011128,7.628e-11,6.8883e-5
