Cl_pop,0.0249,9.79e-05,-0.0109,-0.0656,0,0,0,0
V1_pop,9.79e-05,0.00481,-6.79e-05,0.000192,0,0,0,0
Q_pop,-0.0109,-6.79e-05,0.0202,0.045,0,0,0,0
V2_pop,-0.0656,0.000192,0.045,0.265,0,0,0,0
omega_Cl,0,0,0,0,0.00439,-2.04e-07,-2.14e-06,-1.27e-06
omega_V1,0,0,0,0,-2.04e-07,0.00283,3.06e-05,-1.02e-05
omega_Q,0,0,0,0,-2.14e-06,3.06e-05,0.00784,-2.22e-05
b,0,0,0,0,-1.27e-06,-1.02e-05,-2.22e-05,6.8e-06
