Cl_pop,1,0.030308,0.039703,-0.033932,-0.0047002,-0.025987,-0.0036807,-0.033231,0.0083373
V1_pop,0.030308,1,0.074187,-0.61033,0.034882,-0.04856,0.052494,-0.72924,-0.060886
Q_pop,0.039703,0.074187,1,-0.10242,0.015692,-0.072368,-0.017844,-0.092509,-0.0085282
V2_pop,-0.033932,-0.61033,-0.10242,1,-0.057996,0.40984,-0.053198,0.87063,0.14831
omega_Cl,-0.0047002,0.034882,0.015692,-0.057996,1,-0.028903,0.018222,-0.053625,-0.027063
omega_V1,-0.025987,-0.04856,-0.072368,0.40984,-0.028903,1,0.025171,0.33508,0.065207
omega_Q,-0.0036807,0.052494,-0.017844,-0.053198,0.018222,0.025171,1,-0.069537,-0.075105
omega_V2,-0.033231,-0.72924,-0.092509,0.87063,-0.053625,0.33508,-0.069537,1,0.13126
b,0.0083373,-0.060886,-0.0085282,0.14831,-0.027063,0.065207,-0.075105,0.13126,1
