Cl_pop,1,-0.00199,0.0223,-0.0169,0,0,0,0,0,0,0
V1_pop,-0.00199,1,-0.129,0.636,0,0,0,0,0,0,0
Q_pop,0.0223,-0.129,1,-0.116,0,0,0,0,0,0,0
V2_pop,-0.0169,0.636,-0.116,1,0,0,0,0,0,0,0
omega_Cl,0,0,0,0,1,1.7e-5,-0.000597,-0.000202,1.64e-5,-7.12e-5,-0.00464
omega_V1,0,0,0,0,1.7e-5,1,0.035,-0.0222,0.417,-0.00058,-0.0377
corr_V2_V1,0,0,0,0,-0.000597,0.035,1,0.0222,-0.48,0.00523,0.34
omega_Q,0,0,0,0,-0.000202,-0.0222,0.0222,1,-0.0255,-0.000937,-0.061
omega_V2,0,0,0,0,1.64e-5,0.417,-0.48,-0.0255,1,-0.0028,-0.182
a1,0,0,0,0,-7.12e-5,-0.00058,0.00523,-0.000937,-0.0028,1,-0.015
a2,0,0,0,0,-0.00464,-0.0377,0.34,-0.061,-0.182,-0.015,1
