Cl_pop,1,-0.00107,0.0223,-0.0111,0,0,0,0,0,0,0
V1_pop,-0.00107,1,-0.146,0.577,0,0,0,0,0,0,0
Q_pop,0.0223,-0.146,1,-0.117,0,0,0,0,0,0,0
V2_pop,-0.0111,0.577,-0.117,1,0,0,0,0,0,0,0
omega_Cl,0,0,0,0,1,4.87e-5,-0.000948,-0.000183,0.000344,-8.4e-5,-0.00493
omega_V1,0,0,0,0,4.87e-5,1,0.0373,-0.0285,0.334,-0.000646,-0.0379
corr_V2_V1,0,0,0,0,-0.000948,0.0373,1,0.0202,-0.572,0.00603,0.354
omega_Q,0,0,0,0,-0.000183,-0.0285,0.0202,1,-0.0254,-0.0011,-0.0648
omega_V2,0,0,0,0,0.000344,0.334,-0.572,-0.0254,1,-0.00374,-0.219
a1,0,0,0,0,-8.4e-5,-0.000646,0.00603,-0.0011,-0.00374,1,-0.0151
a2,0,0,0,0,-0.00493,-0.0379,0.354,-0.0648,-0.219,-0.0151,1
