Cl_pop,0.12352,-0.0072738,0.021089,-0.022611,9.4923e-5,-5.4801e-5,-9.0619e-5,0.00079744,-0.00043789,-7.1397e-5,-3.1103e-5
V1_pop,-0.0072738,3.206,-0.86164,4.3219,-0.00028769,-0.016397,-6.8679e-6,-0.025675,-0.016076,-0.0016405,0.0020917
Q_pop,0.021089,-0.86164,2.1363,-1.3265,0.00038734,0.01587,-0.00058809,0.040306,0.015023,0.00072112,-0.0021124
V2_pop,-0.022611,4.3219,-1.3265,6.6029,-8.297e-5,-0.015742,0.003209,-0.052081,0.0056816,-0.0013779,0.0040708
omega_Cl,9.4923e-5,-0.00028769,0.00038734,-8.297e-5,0.0023567,-6.0604e-5,-1.0394e-5,0.00021991,-0.00021948,2.9478e-5,-1.9613e-5
omega_V1,-5.4801e-5,-0.016397,0.01587,-0.015742,-6.0604e-5,0.006149,0.00024524,-0.0029467,0.0084897,5.7227e-5,-1.163e-5
corr_V2_V1,-9.0619e-5,-6.8679e-6,-0.00058809,0.003209,-1.0394e-5,0.00024524,6.1467e-5,-0.00057962,0.00065775,-7.3671e-7,2.3355e-5
omega_Q,0.00079744,-0.025675,0.040306,-0.052081,0.00021991,-0.0029467,-0.00057962,0.024803,-0.0073351,9.3964e-5,-0.00032905
omega_V2,-0.00043789,-0.016076,0.015023,0.0056816,-0.00021948,0.0084897,0.00065775,-0.0073351,0.014777,9.3089e-6,0.00018696
a1,-7.1397e-5,-0.0016405,0.00072112,-0.0013779,2.9478e-5,5.7227e-5,-7.3671e-7,9.3964e-5,9.3089e-6,0.00051986,-1.9936e-5
a2,-3.1103e-5,0.0020917,-0.0021124,0.0040708,-1.9613e-5,-1.163e-5,2.3355e-5,-0.00032905,0.00018696,-1.9936e-5,5.6399e-5
