Cl_pop,0.0851,0.00809,-0.0011,0.0155,0.00813,0,0,0,0,0,0,0
beta_Cl_logtCLCRMLMIN,0.00809,0.0571,0.0019,-0.000141,0.00664,0,0,0,0,0,0,0
V1_pop,-0.0011,0.0019,3.64,-0.703,2.04,0,0,0,0,0,0,0
Q_pop,0.0155,-0.000141,-0.703,1.22,-0.42,0,0,0,0,0,0,0
V2_pop,0.00813,0.00664,2.04,-0.42,3.47,0,0,0,0,0,0,0
omega_Cl,0,0,0,0,0,0.00155,5.67e-7,-4.06e-5,-4.42e-6,5.42e-6,-3.02e-7,-2.73e-6
omega_V1,0,0,0,0,0,5.67e-7,0.00417,-0.000279,-0.00147,0.00292,-1.55e-6,-1.4e-5
corr_V2_V1,0,0,0,0,0,-4.06e-5,-0.000279,0.168,-0.00407,-0.0331,0.000126,0.00113
omega_Q,0,0,0,0,0,-4.42e-6,-0.00147,-0.00407,0.0481,-0.000315,-3.96e-5,-0.000357
omega_V2,0,0,0,0,0,5.42e-6,0.00292,-0.0331,-0.000315,0.0187,-2.57e-5,-0.000232
a1,0,0,0,0,0,-3.02e-7,-1.55e-6,0.000126,-3.96e-5,-2.57e-5,0.000475,-2.1e-6
a2,0,0,0,0,0,-2.73e-6,-1.4e-5,0.00113,-0.000357,-0.000232,-2.1e-6,5.88e-5
