Cl_pop,1,-0.000872,0.021,-0.00973,0,0,0,0,0,0,0
V1_pop,-0.000872,1,-0.131,0.662,0,0,0,0,0,0,0
Q_pop,0.021,-0.131,1,-0.0756,0,0,0,0,0,0,0
V2_pop,-0.00973,0.662,-0.0756,1,0,0,0,0,0,0,0
omega_Cl,0,0,0,0,1,2.09e-5,-0.000681,-0.000208,4.14e-6,-6.79e-5,-0.00458
omega_V1,0,0,0,0,2.09e-5,1,0.0402,-0.0225,0.456,-0.000496,-0.0335
corr_V2_V1,0,0,0,0,-0.000681,0.0402,1,0.0402,-0.376,0.00488,0.329
omega_Q,0,0,0,0,-0.000208,-0.0225,0.0402,1,-0.0246,-0.000934,-0.063
omega_V2,0,0,0,0,4.14e-6,0.456,-0.376,-0.0246,1,-0.00226,-0.152
a1,0,0,0,0,-6.79e-5,-0.000496,0.00488,-0.000934,-0.00226,1,-0.0149
a2,0,0,0,0,-0.00458,-0.0335,0.329,-0.063,-0.152,-0.0149,1
