Cl_pop,0.123,-0.000523,0.00875,-0.0106,0,0,0,0,0,0,0
V1_pop,-0.000523,2.93,-0.267,3.53,0,0,0,0,0,0,0
Q_pop,0.00875,-0.267,1.41,-0.28,0,0,0,0,0,0,0
V2_pop,-0.0106,3.53,-0.28,9.71,0,0,0,0,0,0,0
omega_Cl,0,0,0,0,0.00232,6.36e-8,-6.94e-6,-1.48e-6,2.64e-8,-7.28e-8,-1.36e-6
omega_V1,0,0,0,0,6.36e-8,0.00401,0.000539,-0.000211,0.00382,-7e-7,-1.31e-5
corr_V2_V1,0,0,0,0,-6.94e-6,0.000539,0.0448,0.00126,-0.0105,2.3e-5,0.000431
omega_Q,0,0,0,0,-1.48e-6,-0.000211,0.00126,0.0219,-0.000481,-3.08e-6,-5.76e-5
omega_V2,0,0,0,0,2.64e-8,0.00382,-0.0105,-0.000481,0.0175,-6.65e-6,-0.000125
a1,0,0,0,0,-7.28e-8,-7e-7,2.3e-5,-3.08e-6,-6.65e-6,0.000496,-2.04e-6
a2,0,0,0,0,-1.36e-6,-1.31e-5,0.000431,-5.76e-5,-0.000125,-2.04e-6,3.82e-5
