Cl_pop,0.0878,0.00833,-0.000577,0.0112,0.00216,0,0,0,0,0,0,0
beta_Cl_logtCLCRMLMIN,0.00833,0.0588,0.00248,-0.00113,0.00626,0,0,0,0,0,0,0
V1_pop,-0.000577,0.00248,3.42,-0.435,2.52,0,0,0,0,0,0,0
Q_pop,0.0112,-0.00113,-0.435,1.58,-0.363,0,0,0,0,0,0,0
V2_pop,0.00216,0.00626,2.52,-0.363,4.87,0,0,0,0,0,0,0
omega_Cl,0,0,0,0,0,0.00159,3.46e-7,-2.89e-5,-1.7e-6,5.25e-6,-1.31e-7,-1.98e-6
omega_V1,0,0,0,0,0,3.46e-7,0.00461,0.00029,-0.000447,0.00327,-9.87e-7,-1.49e-5
corr_V2_V1,0,0,0,0,0,-2.89e-5,0.00029,0.106,0.000785,-0.0236,5.41e-5,0.000818
omega_Q,0,0,0,0,0,-1.7e-6,-0.000447,0.000785,0.0261,-0.000556,-7.29e-6,-0.00011
omega_V2,0,0,0,0,0,5.25e-6,0.00327,-0.0236,-0.000556,0.0163,-1.28e-5,-0.000194
a1,0,0,0,0,0,-1.31e-7,-9.87e-7,5.41e-5,-7.29e-6,-1.28e-5,0.000495,-2.01e-6
a2,0,0,0,0,0,-1.98e-6,-1.49e-5,0.000818,-0.00011,-0.000194,-2.01e-6,4.4e-5
