Cl_pop,1,0.00678,0.0351,-0.0395,0,0,0,0
V1_pop,0.00678,1,-0.153,0.193,0,0,0,0
Q_pop,0.0351,-0.153,1,-0.203,0,0,0,0
V2_pop,-0.0395,0.193,-0.203,1,0,0,0,0
omega_Cl,0,0,0,0,1,0.000229,-0.000346,-0.00726
omega_V1,0,0,0,0,0.000229,1,-0.0174,-0.094
omega_Q,0,0,0,0,-0.000346,-0.0174,1,-0.0765
b,0,0,0,0,-0.00726,-0.094,-0.0765,1
