Cl_pop,0.00498,3.38e-05,0.000494,-0.000381,0,0,0,0
V1_pop,3.38e-05,0.00498,-0.00216,0.00186,0,0,0,0
Q_pop,0.000494,-0.00216,0.0398,-0.00553,0,0,0,0
V2_pop,-0.000381,0.00186,-0.00553,0.0187,0,0,0,0
omega_Cl,0,0,0,0,0.00253,6.34e-07,-2.64e-06,-8.9e-07
omega_V1,0,0,0,0,6.34e-07,0.00304,-0.000146,-1.26e-05
omega_Q,0,0,0,0,-2.64e-06,-0.000146,0.023,-2.83e-05
b,0,0,0,0,-8.9e-07,-1.26e-05,-2.83e-05,5.95e-06
