Cl_pop,0.0894,0.00846,0.000633,0.00795,-0.0282,0,0,0,0,0,0,0
beta_Cl_logtCLCRMLMIN,0.00846,0.0602,0.00323,-0.00136,0.0122,0,0,0,0,0,0,0
V1_pop,0.000633,0.00323,1.99,-0.197,2.11,0,0,0,0,0,0,0
Q_pop,0.00795,-0.00136,-0.197,1.37,-0.392,0,0,0,0,0,0,0
V2_pop,-0.0282,0.0122,2.11,-0.392,12,0,0,0,0,0,0,0
omega_Cl,0,0,0,0,0,0.00162,4.66e-7,9.75e-6,-6.99e-7,-2.63e-6,-9.31e-8,-1.69e-6
omega_V1,0,0,0,0,0,4.66e-7,0.00278,0.00185,-0.00015,0.00229,-1.04e-6,-1.88e-5
corr_V2_V1,0,0,0,0,0,9.75e-6,0.00185,0.747,0.00108,-0.112,8.91e-5,0.00161
omega_Q,0,0,0,0,0,-6.99e-7,-0.00015,0.00108,0.0244,-0.000221,-2.76e-6,-4.99e-5
omega_V2,0,0,0,0,0,-2.63e-6,0.00229,-0.112,-0.000221,0.037,-1.48e-5,-0.000269
a1,0,0,0,0,0,-9.31e-8,-1.04e-6,8.91e-5,-2.76e-6,-1.48e-5,0.0005,-2.22e-6
a2,0,0,0,0,0,-1.69e-6,-1.88e-5,0.00161,-4.99e-5,-0.000269,-2.22e-6,3.92e-5
