Cl_pop,1,-0.0161,0.038177,-0.0078718,0.00039344,-0.0028098,-0.0096573,0.012038,0.0082619,-0.0067055,-0.0039122
V1_pop,-0.0161,1,-0.39366,0.86874,-0.010137,0.12206,0.32107,-0.26407,-0.034983,-0.050142,0.20189
Q_pop,0.038177,-0.39366,1,-0.20897,0.017451,-0.085443,-0.31408,0.35635,0.059644,0.048798,-0.25102
V2_pop,-0.0078718,0.86874,-0.20897,1,0.012393,-0.013467,-0.044719,-0.048289,-0.047358,-0.0099172,0.02346
omega_Cl,0.00039344,-0.010137,0.017451,0.012393,1,-0.023372,-0.045042,0.026062,-0.023887,0.028445,-0.058106
omega_V1,-0.0028098,0.12206,-0.085443,-0.013467,-0.023372,1,0.51971,-0.24032,0.85615,-3.3651e-5,0.02867
corr_V2_V1,-0.0096573,0.32107,-0.31408,-0.044719,-0.045042,0.51971,1,-0.34651,0.28194,-0.066897,0.26997
omega_Q,0.012038,-0.26407,0.35635,-0.048289,0.026062,-0.24032,-0.34651,1,-0.10667,0.047666,-0.23932
omega_V2,0.0082619,-0.034983,0.059644,-0.047358,-0.023887,0.85615,0.28194,-0.10667,1,-0.012428,-0.029863
a1,-0.0067055,-0.050142,0.048798,-0.0099172,0.028445,-3.3651e-5,-0.066897,0.047666,-0.012428,1,-0.13848
a2,-0.0039122,0.20189,-0.25102,0.02346,-0.058106,0.02867,0.26997,-0.23932,-0.029863,-0.13848,1
