Cl_pop,0.12289,-0.011382,0.018742,-0.007072,6.7501e-6,-7.9597e-5,-3.4662e-5,0.00062521,0.00028855,-5.3996e-5,-9.4796e-6
V1_pop,-0.011382,4.0673,-1.1118,4.4901,-0.0010005,0.019892,0.0066296,-0.078902,-0.0070291,-0.0023229,0.0028143
Q_pop,0.018742,-1.1118,1.9612,-0.74998,0.0011961,-0.0096696,-0.0045034,0.073935,0.0083217,0.0015698,-0.0024298
V2_pop,-0.007072,4.4901,-0.74998,6.5679,0.0015544,-0.002789,-0.0011734,-0.018335,-0.012092,-0.00058382,0.00041557
omega_Cl,6.7501e-6,-0.0010005,0.0011961,0.0015544,0.0023953,-9.2436e-5,-2.257e-5,0.00018897,-0.00011647,3.1979e-5,-1.9657e-5
omega_V1,-7.9597e-5,0.019892,-0.0096696,-0.002789,-9.2436e-5,0.0065304,0.00043,-0.0028773,0.006893,-6.2466e-8,1.6015e-5
corr_V2_V1,-3.4662e-5,0.0066296,-0.0045034,-0.0011734,-2.257e-5,0.00043,0.00010483,-0.00052562,0.00028759,-1.5733e-5,1.9106e-5
omega_Q,0.00062521,-0.078902,0.073935,-0.018335,0.00018897,-0.0028773,-0.00052562,0.021949,-0.0015745,0.00016222,-0.00024508
omega_V2,0.00028855,-0.0070291,0.0083217,-0.012092,-0.00011647,0.006893,0.00028759,-0.0015745,0.0099261,-2.8443e-5,-2.0565e-5
a1,-5.3996e-5,-0.0023229,0.0015698,-0.00058382,3.1979e-5,-6.2466e-8,-1.5733e-5,0.00016222,-2.8443e-5,0.00052766,-2.1988e-5
a2,-9.4796e-6,0.0028143,-0.0024298,0.00041557,-1.9657e-5,1.6015e-5,1.9106e-5,-0.00024508,-2.0565e-5,-2.1988e-5,4.7777e-5
