Cl_pop,0.00504,0.00243,0.00107,-0.00248,-0.000139,0.000695,0.000162,0.000433,-0.00229,-1.68e-5,-4.79e-6
V1_pop,0.00243,0.00752,-0.00744,0.00467,4.67e-5,-0.00389,-0.000156,-0.0042,0.00208,-5.06e-5,8.86e-5
Q_pop,0.00107,-0.00744,0.0567,-0.0133,-0.000294,0.00918,0.000913,0.0108,-0.0025,6.25e-5,-0.000253
V2_pop,-0.00248,0.00467,-0.0133,0.0766,-0.000639,0.00243,0.000435,-0.00615,0.0474,0.000109,0.0002
omega_Cl,-0.000139,4.67e-5,-0.000294,-0.000639,0.00286,0.00251,0.000496,0.000134,-0.00162,2.66e-5,-2e-5
corr_V1_Cl,0.000695,-0.00389,0.00918,0.00243,0.00251,0.0541,0.00684,0.00411,0.00727,0.000119,-5.59e-5
omega_V1,0.000162,-0.000156,0.000913,0.000435,0.000496,0.00684,0.0045,-0.00176,0.00313,1.42e-5,-7.05e-6
omega_Q,0.000433,-0.0042,0.0108,-0.00615,0.000134,0.00411,-0.00176,0.0331,-0.00976,5.44e-5,-0.00011
omega_V2,-0.00229,0.00208,-0.0025,0.0474,-0.00162,0.00727,0.00313,-0.00976,0.0867,0.000105,0.000121
a1,-1.68e-5,-5.06e-5,6.25e-5,0.000109,2.66e-5,0.000119,1.42e-5,5.44e-5,0.000105,0.000534,-1.53e-5
a2,-4.79e-6,8.86e-5,-0.000253,0.0002,-2e-5,-5.59e-5,-7.05e-6,-0.00011,0.000121,-1.53e-5,4.37e-5
