Cl_pop,0.00469,0.00251,0.000423,-0.000303,-7.55e-6,-0.000429,-7.5e-5,-7.68e-5,-1.86e-5,-1.9e-5,9.44e-6
V1_pop,0.00251,0.00758,-0.00716,0.00184,8.64e-5,-0.00178,-0.00102,-0.00289,-0.00466,-5.91e-5,0.000111
Q_pop,0.000423,-0.00716,0.0611,-0.00693,-0.000195,0.00355,0.00169,0.00969,0.0136,4.01e-5,-0.000271
V2_pop,-0.000303,0.00184,-0.00693,0.0181,0.000399,0.000158,-0.00189,0.00415,-0.00731,9.64e-5,2.04e-5
omega_Cl,-7.55e-6,8.64e-5,-0.000195,0.000399,0.00244,0.00328,0.000592,0.000114,-0.000253,3.06e-5,-1.4e-5
corr_V1_Cl,-0.000429,-0.00178,0.00355,0.000158,0.00328,0.0535,0.00567,0.00138,0.00607,0.00013,-0.000157
omega_V1,-7.5e-5,-0.00102,0.00169,-0.00189,0.000592,0.00567,0.00533,-0.00188,0.00731,5.83e-5,-0.000155
omega_Q,-7.68e-5,-0.00289,0.00969,0.00415,0.000114,0.00138,-0.00188,0.0344,-0.00766,5.2e-5,3.15e-5
omega_V2,-1.86e-5,-0.00466,0.0136,-0.00731,-0.000253,0.00607,0.00731,-0.00766,0.0651,0.000322,-0.00117
a1,-1.9e-5,-5.91e-5,4.01e-5,9.64e-5,3.06e-5,0.00013,5.83e-5,5.2e-5,0.000322,0.000531,-2.37e-5
a2,9.44e-6,0.000111,-0.000271,2.04e-5,-1.4e-5,-0.000157,-0.000155,3.15e-5,-0.00117,-2.37e-5,6.44e-5
