Cl_pop,0.124,-0.0090115,0.016633,-0.012137,-0.00017103,-0.00022082,-1.0819e-5,0.00060261,-0.00019432,-5.271e-5,1.3883e-5
V1_pop,-0.0090115,3.1768,-0.66113,4.8657,-0.00015545,0.0034507,3.507e-5,-0.046523,0.0016268,-0.00086971,0.001071
Q_pop,0.016633,-0.66113,1.8243,-1.0258,0.00045902,-0.0023152,-0.00013151,0.042719,-0.001107,0.0001842,-0.00082664
V2_pop,-0.012137,4.8657,-1.0258,8.1279,0.00095967,-0.0012346,-0.00048633,-0.064126,-0.00065908,-0.0010468,0.0025257
omega_Cl,-0.00017103,-0.00015545,0.00045902,0.00095967,0.0024429,-6.6477e-5,-3.0228e-6,0.0001093,-5.3342e-5,2.3908e-5,-8.2695e-6
omega_V1,-0.00022082,0.0034507,-0.0023152,-0.0012346,-6.6477e-5,0.004085,5.6987e-5,-0.0013965,0.0046506,1.5119e-5,-4.9119e-5
corr_V2_V1,-1.0819e-5,3.507e-5,-0.00013151,-0.00048633,-3.0228e-6,5.6987e-5,3.5017e-6,-3.7044e-5,5.3489e-5,-4.5082e-7,-1.4766e-6
omega_Q,0.00060261,-0.046523,0.042719,-0.064126,0.0001093,-0.0013965,-3.7044e-5,0.026166,-0.0013761,3.8707e-5,-5.6054e-5
omega_V2,-0.00019432,0.0016268,-0.001107,-0.00065908,-5.3342e-5,0.0046506,5.3489e-5,-0.0013761,0.0056699,2.2801e-5,-5.53e-5
a1,-5.271e-5,-0.00086971,0.0001842,-0.0010468,2.3908e-5,1.5119e-5,-4.5082e-7,3.8707e-5,2.2801e-5,0.00052196,-1.2115e-5
a2,1.3883e-5,0.001071,-0.00082664,0.0025257,-8.2695e-6,-4.9119e-5,-1.4766e-6,-5.6054e-5,-5.53e-5,-1.2115e-5,4.2641e-5
