Cl_pop,1,-0.022568,-0.97444,-0.0030137,0.0050351,-0.0070085,-0.011189,0.0099424,0.010335,-0.0074993,0.01141,-0.016717,0.023896
beta_Cl_logtWTKG,-0.022568,1,0.038621,0.0066787,-0.0062195,0.010516,0.0034456,-0.0051333,-0.012036,0.0043278,-0.0030017,-0.0037253,0.00014977
beta_Cl_tCLCRMLMIN,-0.97444,0.038621,1,0.0034341,0.00061437,0.0057077,0.0086549,-0.0092139,-0.0072537,0.0077342,-0.010372,0.014108,-0.019776
V1_pop,-0.0030137,0.0066787,0.0034341,1,-0.22104,0.93984,-0.011259,0.040894,0.19227,-0.12236,0.057403,-0.026254,0.078385
Q_pop,0.0050351,-0.0062195,0.00061437,-0.22104,1,-0.15734,0.023865,-0.16614,-0.28254,0.30422,-0.19268,0.016171,-0.094694
V2_pop,-0.0070085,0.010516,0.0057077,0.93984,-0.15734,1,0.01127,-0.033806,-0.047982,-0.10369,-0.038676,0.0011729,0.021512
omega_Cl,-0.011189,0.0034456,0.0086549,-0.011259,0.023865,0.01127,1,-0.034308,-0.076652,0.0086966,-0.041707,0.036078,-0.066593
omega_V1,0.0099424,-0.0051333,-0.0092139,0.040894,-0.16614,-0.033806,-0.034308,1,0.46918,-0.21922,0.97524,-0.015835,0.038108
corr_V2_V1,0.010335,-0.012036,-0.0072537,0.19227,-0.28254,-0.047982,-0.076652,0.46918,1,-0.15301,0.53409,-0.059335,0.24606
omega_Q,-0.0074993,0.0043278,0.0077342,-0.12236,0.30422,-0.10369,0.0086966,-0.21922,-0.15301,1,-0.22004,0.017755,-0.079325
omega_V2,0.01141,-0.0030017,-0.010372,0.057403,-0.19268,-0.038676,-0.041707,0.97524,0.53409,-0.22004,1,-0.028291,0.064531
a1,-0.016717,-0.0037253,0.014108,-0.026254,0.016171,0.0011729,0.036078,-0.015835,-0.059335,0.017755,-0.028291,1,-0.097745
a2,0.023896,0.00014977,-0.019776,0.078385,-0.094694,0.021512,-0.066593,0.038108,0.24606,-0.079325,0.064531,-0.097745,1
