Cl_pop,0.00351,-0.00101,0.00216,0.000554,-0.00038,-1.67e-05,0.000133,2.32e-05,9.01e-05,1.63e-06
beta_Cl_logtCLCR,-0.00101,0.0472,0.000318,0.00034,-0.000588,-0.000177,-0.00135,-0.00117,0.000754,2.66e-05
V1_pop,0.00216,0.000318,0.00527,-0.00337,0.0016,7.77e-05,-0.00212,0.000184,-0.00262,-5.94e-06
Q_pop,0.000554,0.00034,-0.00337,0.0463,-0.00556,-0.000208,0.00448,-0.000856,0.008,2.32e-05
V2_pop,-0.00038,-0.000588,0.0016,-0.00556,0.0164,0.000342,0.000121,-8.52e-05,-0.000621,-4e-05
omega_Cl,-1.67e-05,-0.000177,7.77e-05,-0.000208,0.000342,0.00179,0.00287,0.000681,-3.73e-05,-2.35e-06
corr_V1_Cl,0.000133,-0.00135,-0.00212,0.00448,0.000121,0.00287,0.0415,0.00358,0.00469,-6.63e-07
omega_V1,2.32e-05,-0.00117,0.000184,-0.000856,-8.52e-05,0.000681,0.00358,0.00291,-0.00115,-7.86e-06
omega_Q,9.01e-05,0.000754,-0.00262,0.008,-0.000621,-3.73e-05,0.00469,-0.00115,0.0295,-7.76e-07
b,1.63e-06,2.66e-05,-5.94e-06,2.32e-05,-4e-05,-2.35e-06,-6.63e-07,-7.86e-06,-7.76e-07,5.34e-06
