Cl_pop,1,-0.0385,0.06,-0.115,-0.0407,-0.00166,0.0509,-0.0765,-0.00584
V1_pop,-0.0385,1,-0.336,0.264,0.027,-0.00263,-0.279,0.0484,0.162
Q_pop,0.06,-0.336,1,-0.256,-0.0272,0.113,0.183,0.109,-0.218
V2_pop,-0.115,0.264,-0.256,1,0.0639,-0.0117,-0.214,0.327,0.0712
omega_Cl,-0.0407,0.027,-0.0272,0.0639,1,-0.0157,0.00331,-0.0118,-0.00169
omega_V1,-0.00166,-0.00263,0.113,-0.0117,-0.0157,1,-0.128,0.258,-0.173
omega_Q,0.0509,-0.279,0.183,-0.214,0.00331,-0.128,1,-0.307,-0.0625
omega_V2,-0.0765,0.0484,0.109,0.327,-0.0118,0.258,-0.307,1,-0.204
b,-0.00584,0.162,-0.218,0.0712,-0.00169,-0.173,-0.0625,-0.204,1
