Cl_pop,0.00537,-0.00023,0.000983,-0.00194,-0.000163,-7.4e-06,0.000681,-0.0015,-1.1e-06
V1_pop,-0.00023,0.00664,-0.00613,0.00498,0.00012,-1.3e-05,-0.00415,0.00105,3.39e-05
Q_pop,0.000983,-0.00613,0.05,-0.0132,-0.000333,0.00154,0.00749,0.00651,-0.000125
V2_pop,-0.00194,0.00498,-0.0132,0.0534,0.000807,-0.000164,-0.00903,0.0202,4.23e-05
omega_Cl,-0.000163,0.00012,-0.000333,0.000807,0.00299,-5.21e-05,3.3e-05,-0.000173,-2.37e-07
omega_V1,-7.4e-06,-1.3e-05,0.00154,-0.000164,-5.21e-05,0.00369,-0.00142,0.00419,-2.7e-05
omega_Q,0.000681,-0.00415,0.00749,-0.00903,3.3e-05,-0.00142,0.0333,-0.015,-2.94e-05
omega_V2,-0.0015,0.00105,0.00651,0.0202,-0.000173,0.00419,-0.015,0.0714,-0.00014
b,-1.1e-06,3.39e-05,-0.000125,4.23e-05,-2.37e-07,-2.7e-05,-2.94e-05,-0.00014,6.61e-06
