Cl_pop,1,0.055726,0.025196,-0.092073,-0.007896,-0.13267,0.0083153,0.029877
V1_pop,0.055726,1,-0.036744,-0.17012,-0.0037431,-0.45084,0.039433,0.038029
Q_pop,0.025196,-0.036744,1,-0.016299,0.0071609,0.095158,-0.015958,0.0038366
V2_pop,-0.092073,-0.17012,-0.016299,1,0.045961,0.4444,-0.073352,-0.087002
omega_Cl,-0.007896,-0.0037431,0.0071609,0.045961,1,0.0054651,0.016175,-0.019348
omega_V1,-0.13267,-0.45084,0.095158,0.4444,0.0054651,1,-0.10171,-0.10416
omega_Q,0.0083153,0.039433,-0.015958,-0.073352,0.016175,-0.10171,1,-0.055824
b,0.029877,0.038029,0.0038366,-0.087002,-0.019348,-0.10416,-0.055824,1
