Cl_pop,0.0885,0.00835,-0.000188,0.00837,-0.0567,0,0,0,0,0,0,0
beta_Cl_logtCLCRMLMIN,0.00835,0.0599,0.00374,-0.00157,0.0156,0,0,0,0,0,0,0
V1_pop,-0.000188,0.00374,2.77,-0.164,3.26,0,0,0,0,0,0,0
Q_pop,0.00837,-0.00157,-0.164,1.35,-0.439,0,0,0,0,0,0,0
V2_pop,-0.0567,0.0156,3.26,-0.439,17.4,0,0,0,0,0,0,0
omega_Cl,0,0,0,0,0,0.00161,4.43e-7,4.43e-5,-9.7e-7,-1.26e-5,-7.67e-8,-1.56e-6
omega_V1,0,0,0,0,0,4.43e-7,0.0037,0.00243,-8.64e-5,0.0026,-5.32e-7,-1.08e-5
corr_V2_V1,0,0,0,0,0,4.43e-5,0.00243,0.31,0.00148,-0.0582,4.48e-5,0.000912
omega_Q,0,0,0,0,0,-9.7e-7,-8.64e-5,0.00148,0.0237,-0.000545,-2.11e-6,-4.31e-5
omega_V2,0,0,0,0,0,-1.26e-5,0.0026,-0.0582,-0.000545,0.0312,-8.76e-6,-0.000179
a1,0,0,0,0,0,-7.67e-8,-5.32e-7,4.48e-5,-2.11e-6,-8.76e-6,0.000502,-2.3e-6
a2,0,0,0,0,0,-1.56e-6,-1.08e-5,0.000912,-4.31e-5,-0.000179,-2.3e-6,3.74e-5
