Cl_pop,0.51726,0.023707,0.059018,-0.18328,0,0,0,0,0
V1_pop,0.023707,3.3819,-1.1545,3.7435,0,0,0,0,0
Q_pop,0.059018,-1.1545,7.79,-2.4583,0,0,0,0,0
V2_pop,-0.18328,3.7435,-2.4583,71.755,0,0,0,0,0
omega_Cl,0,0,0,0,0.0025292,1.7593e-6,-5.6178e-6,-3.3528e-5,-3.952e-6
omega_V1,0,0,0,0,1.7593e-6,0.0038986,-0.00027851,8.8585e-5,-0.00016497
omega_Q,0,0,0,0,-5.6178e-6,-0.00027851,0.045375,0.00090479,-0.00011735
omega_V2,0,0,0,0,-3.3528e-5,8.8585e-5,0.00090479,0.10524,-0.0008427
b,0,0,0,0,-3.952e-6,-0.00016497,-0.00011735,-0.0008427,8.533e-5
