Cl_pop,1,0.45036,0.0059595,0.019654,0.019209,-0.43895,-0.0082183,-0.0056819,nan,0.0025212,-0.045239,0.05048
beta_Cl_logtCLCRMLMIN,0.45036,1,-0.020645,-0.01624,-0.017749,-0.98486,-0.024242,0.018729,nan,-0.023269,-0.081701,0.11061
V1_pop,0.0059595,-0.020645,1,-0.050778,0.90618,0.02184,-0.028774,0.050904,nan,-0.047777,-0.026363,0.05892
Q_pop,0.019654,-0.01624,-0.050778,1,0.13763,0.015898,0.0083925,-0.6273,nan,0.20235,0.016729,-0.29738
V2_pop,0.019209,-0.017749,0.90618,0.13763,1,0.019381,0.010976,-0.059022,nan,0.077339,-0.0059143,-0.049778
omega_Cl,-0.43895,-0.98486,0.02184,0.015898,0.019381,1,0.023841,-0.020302,nan,0.02298,0.08608,-0.11582
omega_V1,-0.0082183,-0.024242,-0.028774,0.0083925,0.010976,0.023841,1,0.18572,nan,0.94053,0.00010605,-0.049978
corr_V2_V1,-0.0056819,0.018729,0.050904,-0.6273,-0.059022,-0.020302,0.18572,1,nan,0.07407,-0.085937,0.28542
omega_Q,nan,nan,nan,nan,nan,nan,nan,nan,nan,nan,nan,nan
omega_V2,0.0025212,-0.023269,-0.047777,0.20235,0.077339,0.02298,0.94053,0.07407,nan,1,-0.00020079,-0.12468
a1,-0.045239,-0.081701,-0.026363,0.016729,-0.0059143,0.08608,0.00010605,-0.085937,nan,-0.00020079,1,-0.17489
a2,0.05048,0.11061,0.05892,-0.29738,-0.049778,-0.11582,-0.049978,0.28542,nan,-0.12468,-0.17489,1
