Cl_pop,1,-0.044775,-0.97318,-0.0019136,nan,0.0046541,0.040247,0.015983,0.011191,-0.02556,0.018593,-0.0091949,0.0050696
beta_Cl_logtWTKG,-0.044775,1,0.099498,0.0027894,nan,-0.095025,-0.96753,-0.040627,-0.12211,0.08532,-0.11135,-0.12403,0.15066
beta_Cl_tCLCRMLMIN,-0.97318,0.099498,1,0.0077186,nan,-0.00649,-0.092551,-0.021955,-0.025616,0.03968,-0.030591,-0.0010582,0.0088755
V1_pop,-0.0019136,0.0027894,0.0077186,1,nan,0.78465,-0.0020906,-0.065225,-0.048044,0.085762,-0.086781,-0.035989,0.066707
Q_pop,nan,nan,nan,nan,nan,nan,nan,nan,nan,nan,nan,nan,nan
V2_pop,0.0046541,-0.095025,-0.00649,0.78465,nan,1,0.091794,-0.15174,0.0015345,0.27056,0.047798,0.03031,0.010911
omega_Cl,0.040247,-0.96753,-0.092551,-0.0020906,nan,0.091794,1,0.045942,0.12563,-0.095688,0.1163,0.12492,-0.15576
omega_V1,0.015983,-0.040627,-0.021955,-0.065225,nan,-0.15174,0.045942,1,0.39496,-0.39397,0.8703,0.019944,-0.09204
corr_V2_V1,0.011191,-0.12211,-0.025616,-0.048044,nan,0.0015345,0.12563,0.39496,1,-0.53185,0.44774,0.04177,-0.11142
omega_Q,-0.02556,0.08532,0.03968,0.085762,nan,0.27056,-0.095688,-0.39397,-0.53185,1,-0.35288,-0.0090242,0.10894
omega_V2,0.018593,-0.11135,-0.030591,-0.086781,nan,0.047798,0.1163,0.8703,0.44774,-0.35288,1,0.052311,-0.1293
a1,-0.0091949,-0.12403,-0.0010582,-0.035989,nan,0.03031,0.12492,0.019944,0.04177,-0.0090242,0.052311,1,-0.16513
a2,0.0050696,0.15066,0.0088755,0.066707,nan,0.010911,-0.15576,-0.09204,-0.11142,0.10894,-0.1293,-0.16513,1
