Cl_pop,0.123,-0.00141,0.00924,-0.0335,0,0,0,0,0,0,0
V1_pop,-0.00141,2.96,-0.212,4.19,0,0,0,0,0,0,0
Q_pop,0.00924,-0.212,1.18,-0.488,0,0,0,0,0,0,0
V2_pop,-0.0335,4.19,-0.488,14.6,0,0,0,0,0,0,0
omega_Cl,0,0,0,0,0.00232,4.67e-8,9.5e-7,-1.51e-6,-2.83e-6,-7.28e-8,-1.37e-6
omega_V1,0,0,0,0,4.67e-8,0.00394,0.000592,-0.000157,0.00432,-6.79e-7,-1.27e-5
corr_V2_V1,0,0,0,0,9.5e-7,0.000592,0.0683,0.001,-0.0193,2.78e-5,0.000522
omega_Q,0,0,0,0,-1.51e-6,-0.000157,0.001,0.0203,-0.000637,-2.98e-6,-5.58e-5
omega_V2,0,0,0,0,-2.83e-6,0.00432,-0.0193,-0.000637,0.0256,-8.64e-6,-0.000162
a1,0,0,0,0,-7.28e-8,-6.79e-7,2.78e-5,-2.98e-6,-8.64e-6,0.000497,-2.18e-6
a2,0,0,0,0,-1.37e-6,-1.27e-5,0.000522,-5.58e-5,-0.000162,-2.18e-6,3.9e-5
