Cl_pop,1,0.0010773,0.036353,-0.0016414,-0.0035946,-0.00082694,-0.0046569,0.0076452,0.013413
V1_pop,0.0010773,1,0.026138,-0.62584,0.030065,-0.54018,-0.083002,-0.0050529,-0.040425
Q_pop,0.036353,0.026138,1,-0.041668,0.011278,-0.018882,-0.017733,0.012713,0.0066216
V2_pop,-0.0016414,-0.62584,-0.041668,1,-0.040841,0.41729,0.059819,0.13063,0.052938
omega_Cl,-0.0035946,0.030065,0.011278,-0.040841,1,-0.016016,0.012486,-0.014705,-0.01992
omega_V1,-0.00082694,-0.54018,-0.018882,0.41729,-0.016016,1,0.056501,0.0084455,0.04336
omega_Q,-0.0046569,-0.083002,-0.017733,0.059819,0.012486,0.056501,1,0.011206,-0.058532
omega_V2,0.0076452,-0.0050529,0.012713,0.13063,-0.014705,0.0084455,0.011206,1,0.035258
b,0.013413,-0.040425,0.0066216,0.052938,-0.01992,0.04336,-0.058532,0.035258,1
