Cl_pop,0.51745,3.9374e-8,0.072161,-4.27e-7,-0.0001314,-3.5147e-10,-0.00077397,2.062e-8,7.925e-5
V1_pop,3.9374e-8,2.5813e-9,3.6646e-6,-1.1499e-8,7.7621e-8,-1.6216e-11,-9.7431e-7,-9.6255e-13,-1.687e-8
Q_pop,0.072161,3.6646e-6,7.6147,-4.1582e-5,0.0015815,-3.0785e-8,-0.011306,1.3153e-7,0.00015008
V2_pop,-4.27e-7,-1.1499e-8,-4.1582e-5,1.3078e-7,-7.5056e-7,8.9165e-11,4.9981e-6,1.7712e-10,1.5725e-7
omega_Cl,-0.0001314,7.7621e-8,0.0015815,-7.5056e-7,0.0025823,-4.8088e-10,0.00014659,-2.8018e-9,-8.3147e-6
omega_V1,-3.5147e-10,-1.6216e-11,-3.0785e-8,8.9165e-11,-4.8088e-10,3.4911e-13,7.713e-9,1.8709e-14,2.1043e-10
omega_Q,-0.00077397,-9.7431e-7,-0.011306,4.9981e-6,0.00014659,7.713e-9,0.05338,9.7071e-9,-0.00011108
omega_V2,2.062e-8,-9.6255e-13,1.3153e-7,1.7712e-10,-2.8018e-9,1.8709e-14,9.7071e-9,1.4058e-11,1.0858e-9
b,7.925e-5,-1.687e-8,0.00015008,1.5725e-7,-8.3147e-6,2.1043e-10,-0.00011108,1.0858e-9,6.7468e-5
