Cl_pop,1,0.019449,-0.97324,0.039062,0.10203,-0.087459,-0.025773,0.077272,nan,0.093498,-0.038792,-0.058104,0.086568
beta_Cl_logtWTKG,0.019449,1,0.036652,0.077286,0.22864,-0.20494,-0.96671,0.15466,nan,0.21737,-0.10843,-0.20213,0.2657
beta_Cl_tCLCRMLMIN,-0.97324,0.036652,1,-0.02607,-0.0792,0.070284,-0.027947,-0.061068,nan,-0.071855,0.027298,0.040175,-0.061722
V1_pop,0.039062,0.077286,-0.02607,1,0.28184,0.2271,-0.078277,0.21162,nan,0.30804,-0.1814,-0.14754,0.25181
Q_pop,0.10203,0.22864,-0.0792,0.28184,1,-0.63941,-0.23495,0.55284,nan,0.62567,-0.3174,-0.31187,0.54508
V2_pop,-0.087459,-0.20494,0.070284,0.2271,-0.63941,1,0.20808,-0.5949,nan,-0.74848,0.30162,0.27552,-0.50703
omega_Cl,-0.025773,-0.96671,-0.027947,-0.078277,-0.23495,0.20808,1,-0.15672,nan,-0.22088,0.11121,0.20595,-0.27238
omega_V1,0.077272,0.15466,-0.061068,0.21162,0.55284,-0.5949,-0.15672,1,nan,0.65699,0.33232,-0.22637,0.38933
corr_V2_V1,nan,nan,nan,nan,nan,nan,nan,nan,nan,nan,nan,nan,nan
omega_Q,0.093498,0.21737,-0.071855,0.30804,0.62567,-0.74848,-0.22088,0.65699,nan,1,-0.33311,-0.30869,0.56456
omega_V2,-0.038792,-0.10843,0.027298,-0.1814,-0.3174,0.30162,0.11121,0.33232,nan,-0.33311,1,0.15217,-0.3246
a1,-0.058104,-0.20213,0.040175,-0.14754,-0.31187,0.27552,0.20595,-0.22637,nan,-0.30869,0.15217,1,-0.3592
a2,0.086568,0.2657,-0.061722,0.25181,0.54508,-0.50703,-0.27238,0.38933,nan,0.56456,-0.3246,-0.3592,1
