Cl_pop,1,-0.034522,0.036058,0.042686,-0.0087934,0.030658,-0.023102,0.0012528,0.025057
V1_pop,-0.034522,1,0.00027463,-0.65995,0.07299,-0.43423,0.30819,-0.14661,-0.15497
Q_pop,0.036058,0.00027463,1,-0.0021979,0.009463,0.0078277,-0.014758,0.005563,0.009359
V2_pop,0.042686,-0.65995,-0.0021979,1,-0.097718,0.63962,-0.45729,0.13551,0.26495
omega_Cl,-0.0087934,0.07299,0.009463,-0.097718,1,-0.082618,0.059834,-0.040361,-0.044265
omega_V1,0.030658,-0.43423,0.0078277,0.63962,-0.082618,1,-0.33583,0.31732,0.18894
omega_Q,-0.023102,0.30819,-0.014758,-0.45729,0.059834,-0.33583,1,-0.11168,-0.17862
omega_V2,0.0012528,-0.14661,0.005563,0.13551,-0.040361,0.31732,-0.11168,1,0.047467
b,0.025057,-0.15497,0.009359,0.26495,-0.044265,0.18894,-0.17862,0.047467,1
