Cl_pop,0.52089,-1.7452e-6,0.073497,-1.6904e-6,-0.00020748,5.0331e-9,-0.000662,-6.4108e-9,8.9154e-5
V1_pop,-1.7452e-6,4.5533e-8,-4.0419e-5,-2.184e-8,8.3938e-8,1.4523e-10,3.9876e-6,-4.1524e-10,6.5628e-8
Q_pop,0.073497,-4.0419e-5,7.5508,1.6121e-5,0.0012781,-3.7866e-8,-0.014242,5.308e-7,0.00020097
V2_pop,-1.6904e-6,-2.184e-8,1.6121e-5,9.1836e-8,-2.7016e-7,-1.6295e-10,-9.7872e-6,3.7825e-10,5.3932e-8
omega_Cl,-0.00020748,8.3938e-8,0.0012781,-2.7016e-7,0.0026174,-3.9007e-12,0.00019648,-2.3523e-9,-7.765e-6
omega_V1,5.0331e-9,1.4523e-10,-3.7866e-8,-1.6295e-10,-3.9007e-12,4.9558e-12,3.8078e-8,-9.0354e-13,1.2278e-10
omega_Q,-0.000662,3.9876e-6,-0.014242,-9.7872e-6,0.00019648,3.8078e-8,0.056414,-9.0089e-8,-0.00012766
omega_V2,-6.4108e-9,-4.1524e-10,5.308e-7,3.7825e-10,-2.3523e-9,-9.0354e-13,-9.0089e-8,1.3961e-11,-9.4344e-10
b,8.9154e-5,6.5628e-8,0.00020097,5.3932e-8,-7.765e-6,1.2278e-10,-0.00012766,-9.4344e-10,6.8134e-5
