Cl_pop,0.12311,-0.0067912,0.016373,-0.024669,-0.00013641,-0.00011214,7.039e-6,0.00049212,-0.00028952,-9.4448e-5,2.1183e-5
V1_pop,-0.0067912,3.1838,-0.7271,4.6802,-9.6639e-5,-0.0073931,0.00038205,-0.028521,-0.0078777,-0.00048292,0.0010418
Q_pop,0.016373,-0.7271,1.9712,-1.3004,0.00058809,0.0025602,-0.00045136,0.047368,0.0018588,-0.00028236,-0.00090424
V2_pop,-0.024669,4.6802,-1.3004,9.8568,-0.0011495,-0.00106,-0.0017593,-0.056025,0.042014,0.0052912,-0.00034885
omega_Cl,-0.00013641,-9.6639e-5,0.00058809,-0.0011495,0.0023943,-3.9875e-5,-1.5382e-6,0.0001119,-5.3523e-5,2.1166e-5,-9.4408e-6
omega_V1,-0.00011214,-0.0073931,0.0025602,-0.00106,-3.9875e-5,0.0048574,3.5411e-5,-0.0015542,0.0059392,4.2288e-5,-4.9774e-5
corr_V2_V1,7.039e-6,0.00038205,-0.00045136,-0.0017593,-1.5382e-6,3.5411e-5,9.009e-6,-4.7137e-5,-7.0233e-6,-5.3569e-6,3.8953e-6
omega_Q,0.00049212,-0.028521,0.047368,-0.056025,0.0001119,-0.0015542,-4.7137e-5,0.024214,-0.0020693,7.2166e-6,-6.3984e-5
omega_V2,-0.00028952,-0.0078777,0.0018588,0.042014,-5.3523e-5,0.0059392,-7.0233e-6,-0.0020693,0.0084018,0.00011541,-8.3402e-5
a1,-9.4448e-5,-0.00048292,-0.00028236,0.0052912,2.1166e-5,4.2288e-5,-5.3569e-6,7.2166e-6,0.00011541,0.00052602,-1.5395e-5
a2,2.1183e-5,0.0010418,-0.00090424,-0.00034885,-9.4408e-6,-4.9774e-5,3.8953e-6,-6.3984e-5,-8.3402e-5,-1.5395e-5,3.869e-5
