Cl_pop,0.0913,0.00864,0.00219,0.00807,0.00102,0,0,0,0,0,0,0
beta_Cl_logtCLCRMLMIN,0.00864,0.0611,0.00308,-0.00191,0.00872,0,0,0,0,0,0,0
V1_pop,0.00219,0.00308,2.24,-0.341,1.48,0,0,0,0,0,0,0
Q_pop,0.00807,-0.00191,-0.341,2.65,0.0991,0,0,0,0,0,0,0
V2_pop,0.00102,0.00872,1.48,0.0991,6.63,0,0,0,0,0,0,0
omega_Cl,0,0,0,0,0,0.00165,3.39e-7,-1.17e-5,-5.13e-7,-1.96e-7,-9.8e-8,-1.75e-6
omega_V1,0,0,0,0,0,3.39e-7,0.00352,0.00185,-0.000249,0.00117,-8.69e-7,-1.55e-5
corr_V2_V1,0,0,0,0,0,-1.17e-5,0.00185,0.355,0.00584,-0.0455,6.48e-5,0.00116
omega_Q,0,0,0,0,0,-5.13e-7,-0.000249,0.00584,0.0298,-0.000427,-2.12e-6,-3.8e-5
omega_V2,0,0,0,0,0,-1.96e-7,0.00117,-0.0455,-0.000427,0.0174,-9.93e-6,-0.000178
a1,0,0,0,0,0,-9.8e-8,-8.69e-7,6.48e-5,-2.12e-6,-9.93e-6,0.000497,-2.34e-6
a2,0,0,0,0,0,-1.75e-6,-1.55e-5,0.00116,-3.8e-5,-0.000178,-2.34e-6,4.05e-5
