Cl_pop,0.12332,-0.0095256,0.02005,-0.014215,-0.00012956,-1.8641e-5,5.127e-5,0.0012505,0.00023555,-4.1966e-5,-1.4885e-5
V1_pop,-0.0095256,3.1821,-0.78259,4.466,-0.00013957,-0.00023039,-0.0021597,-0.072153,-0.01354,-0.0010125,0.00166
Q_pop,0.02005,-0.78259,1.992,-1.1384,0.00069808,-0.0025661,0.0026528,0.093031,0.012294,0.00059553,-0.0018018
V2_pop,-0.014215,4.466,-1.1384,6.8315,-0.00083681,-0.012747,-0.0030807,-0.088638,-0.027954,-0.0022464,0.0026048
omega_Cl,-0.00012956,-0.00013957,0.00069808,-0.00083681,0.0023682,-4.2237e-5,1.4541e-6,0.00016142,-3.121e-5,2.0356e-5,-1.1532e-5
omega_V1,-1.8641e-5,-0.00023039,-0.0025661,-0.012747,-4.2237e-5,0.0053795,7.0047e-5,-0.0023109,0.0063345,2.8276e-5,-4.7976e-5
corr_V2_V1,5.127e-5,-0.0021597,0.0026528,-0.0030807,1.4541e-6,7.0047e-5,2.9713e-5,0.00038633,0.00023379,4.8712e-6,-1.6721e-5
omega_Q,0.0012505,-0.072153,0.093031,-0.088638,0.00016142,-0.0023109,0.00038633,0.031518,-0.00016267,0.00011607,-0.00026831
omega_V2,0.00023555,-0.01354,0.012294,-0.027954,-3.121e-5,0.0063345,0.00023379,-0.00016267,0.0085103,5.0316e-5,-0.00014833
a1,-4.1966e-5,-0.0010125,0.00059553,-0.0022464,2.0356e-5,2.8276e-5,4.8712e-6,0.00011607,5.0316e-5,0.00051755,-1.4638e-5
a2,-1.4885e-5,0.00166,-0.0018018,0.0026048,-1.1532e-5,-4.7976e-5,-1.6721e-5,-0.00026831,-0.00014833,-1.4638e-5,4.5988e-5
