Cl_pop,0.00504,-0.000123,0.000585,-0.000278,2.58e-6,5.51e-5,0.000175,-0.000288,3.65e-5,-1.28e-5
V1_pop,-0.000123,0.00904,-0.00952,0.00213,5.1e-5,-0.00199,-0.00567,0.000913,-0.00035,0.000152
Q_pop,0.000585,-0.00952,0.0706,-0.00597,-6.47e-5,0.00281,0.0218,-0.00115,0.0011,-0.000474
V2_pop,-0.000278,0.00213,-0.00597,0.0199,0.000298,-0.00122,0.000777,-0.00268,-0.000119,6.05e-5
omega_Cl,2.58e-6,5.1e-5,-6.47e-5,0.000298,0.0026,-7.26e-5,9.38e-5,-0.000246,2.66e-5,-1.04e-5
omega_V1,5.51e-5,-0.00199,0.00281,-0.00122,-7.26e-5,0.00611,0.000539,0.00119,7.05e-5,-5.23e-5
omega_Q,0.000175,-0.00567,0.0218,0.000777,9.38e-5,0.000539,0.0422,-0.00944,0.00102,-0.000396
omega_V2,-0.000288,0.000913,-0.00115,-0.00268,-0.000246,0.00119,-0.00944,0.0528,-0.0024,0.000732
a,3.65e-5,-0.00035,0.0011,-0.000119,2.66e-5,7.05e-5,0.00102,-0.0024,0.000668,-0.000234
b,-1.28e-5,0.000152,-0.000474,6.05e-5,-1.04e-5,-5.23e-5,-0.000396,0.000732,-0.000234,8.63e-5
