V_pop,1,0.151,0.104,0.051,-0.241,0.231
Cl_pop,0.151,1,0.0125,0.0194,-0.143,0.136
omega_V,0.104,0.0125,1,-0.0182,-0.0517,0.0151
omega_Cl,0.051,0.0194,-0.0182,1,-0.0556,0.0401
a1,-0.241,-0.143,-0.0517,-0.0556,1,-0.601
a2,0.231,0.136,0.0151,0.0401,-0.601,1
