V_pop,1,0.583,0.92,0.203,-0.81,0.772
Cl_pop,0.583,1,0.565,0.107,-0.516,0.496
omega_V,0.92,0.565,1,0.185,-0.868,0.815
omega_Cl,0.203,0.107,0.185,1,-0.171,0.154
a1,-0.81,-0.516,-0.868,-0.171,1,-0.854
a2,0.772,0.496,0.815,0.154,-0.854,1
