V_pop,1,0.13029,0.12929,0.053698,-0.20026,0.18683
Cl_pop,0.13029,1,0.029007,0.02015,-0.1043,0.096668
omega_V,0.12929,0.029007,1,0.00034288,-0.093097,0.070165
omega_Cl,0.053698,0.02015,0.00034288,1,-0.073792,0.055132
a1,-0.20026,-0.1043,-0.093097,-0.073792,1,-0.53037
a2,0.18683,0.096668,0.070165,0.055132,-0.53037,1
