V_pop,20.244,0.36036,0.030007,0.010609,-0.02142,0.02281
Cl_pop,0.36036,0.37788,0.00091984,0.00054389,-0.0015242,0.0016124
omega_V,0.030007,0.00091984,0.002661,7.7666e-7,-0.00011417,9.8213e-5
omega_Cl,0.010609,0.00054389,7.7666e-7,0.0019281,-7.7028e-5,6.5688e-5
a1,-0.02142,-0.0015242,-0.00011417,-7.7028e-5,0.00056514,-0.00034212
a2,0.02281,0.0016124,9.8213e-5,6.5688e-5,-0.00034212,0.00073627
