V_pop,0.00534,0.000642,0.000436,0.000161,-0.000462,0.000481
Cl_pop,0.000642,0.0034,4.19e-5,4.9e-5,-0.000219,0.000227
omega_V,0.000436,4.19e-5,0.0033,-4.52e-5,-7.78e-5,2.47e-5
omega_Cl,0.000161,4.9e-5,-4.52e-5,0.00188,-6.32e-5,4.96e-5
a1,-0.000462,-0.000219,-7.78e-5,-6.32e-5,0.000686,-0.00045
a2,0.000481,0.000227,2.47e-5,4.96e-5,-0.00045,0.000814
