Cl_pop,1,-0.027514,-0.97454,-0.019917,0.033652,-0.022901,0.0079339,-0.0026398,-0.077944,0.0085248,-0.035174,-0.012365,0.00034561
beta_Cl_logtWTKG,-0.027514,1,0.044331,0.016163,-0.019688,0.022603,0.0048911,0.0081002,0.076855,-0.0053717,0.040274,-0.0010558,0.0080139
beta_Cl_tCLCRMLMIN,-0.97454,0.044331,1,0.019561,-0.025948,0.023513,-0.0072333,0.002573,0.082951,-0.0086346,0.038138,0.010648,0.0011104
V1_pop,-0.019917,0.016163,0.019561,1,-0.26377,0.97821,0.015956,0.060398,0.21194,-0.069228,0.12095,-0.010756,0.06248
Q_pop,0.033652,-0.019688,-0.025948,-0.26377,1,-0.25643,-0.012512,0.0011476,-0.28609,0.083582,-0.09107,-0.0087456,-0.076269
V2_pop,-0.022901,0.022603,0.023513,0.97821,-0.25643,1,0.01927,0.056689,0.268,-0.082907,0.15464,-0.0045085,0.064818
omega_Cl,0.0079339,0.0048911,-0.0072333,0.015956,-0.012512,0.01927,1,0.0052361,0.083874,-0.0073131,0.041396,0.030307,-0.033055
omega_V1,-0.0026398,0.0081002,0.002573,0.060398,0.0011476,0.056689,0.0052361,1,0.19656,-0.12815,0.87957,0.015996,-0.027659
corr_V2_V1,-0.077944,0.076855,0.082951,0.21194,-0.28609,0.268,0.083874,0.19656,1,-0.12403,0.57186,0.050366,0.081269
omega_Q,0.0085248,-0.0053717,-0.0086346,-0.069228,0.083582,-0.082907,-0.0073131,-0.12815,-0.12403,1,-0.15334,0.0053017,-0.090086
omega_V2,-0.035174,0.040274,0.038138,0.12095,-0.09107,0.15464,0.041396,0.87957,0.57186,-0.15334,1,0.031529,0.019743
a1,-0.012365,-0.0010558,0.010648,-0.010756,-0.0087456,-0.0045085,0.030307,0.015996,0.050366,0.0053017,0.031529,1,-0.080952
a2,0.00034561,0.0080139,0.0011104,0.06248,-0.076269,0.064818,-0.033055,-0.027659,0.081269,-0.090086,0.019743,-0.080952,1
