Cl_pop,0.35887,1.9715,0.044694,nan,0.018331,-0.32293,0.004675,0.0015874,-9.5928e-10,0.0006484,-0.003928,0.0019576
beta_Cl_logtCLCRMLMIN,1.9715,18.374,0.21726,nan,0.12392,-3.014,0.040282,0.014108,-9.2004e-9,0.0051525,-0.034552,0.017168
V1_pop,0.044694,0.21726,3.4032,nan,0.77827,-0.035903,0.0087667,0.0018129,5.9851e-10,0.0021513,-0.0032025,0.0015478
Q_pop,nan,nan,nan,nan,nan,nan,nan,nan,nan,nan,nan,nan
V2_pop,0.018331,0.12392,0.77827,nan,0.19264,-0.020555,0.00085184,0.00027851,-1.7188e-9,0.00014044,-0.00078311,0.00037116
omega_Cl,-0.32293,-3.014,-0.035903,nan,-0.020555,0.49724,-0.0066754,-0.0023317,1.5179e-9,-0.00086067,0.0057355,-0.0028512
omega_V1,0.004675,0.040282,0.0087667,nan,0.00085184,-0.0066754,0.0052201,0.00037047,2.7826e-10,0.0022041,-0.00015724,3.4592e-5
corr_V2_V1,0.0015874,0.014108,0.0018129,nan,0.00027851,-0.0023317,0.00037047,6.4306e-5,3.6513e-11,0.000121,-4.9334e-5,2.2776e-5
omega_Q,-9.5928e-10,-9.2004e-9,5.9851e-10,nan,-1.7188e-9,1.5179e-9,2.7826e-10,3.6513e-11,6.6701e-16,6.5433e-11,-2.6553e-11,2.9976e-11
omega_V2,0.0006484,0.0051525,0.0021513,nan,0.00014044,-0.00086067,0.0022041,0.000121,6.5433e-11,0.0010126,-2.5392e-5,-1.0661e-5
a1,-0.003928,-0.034552,-0.0032025,nan,-0.00078311,0.0057355,-0.00015724,-4.9334e-5,-2.6553e-11,-2.5392e-5,0.00060146,-8.9205e-5
a2,0.0019576,0.017168,0.0015478,nan,0.00037116,-0.0028512,3.4592e-5,2.2776e-5,2.9976e-11,-1.0661e-5,-8.9205e-5,0.00012312
