Cl_pop,2.9662,-0.55889,-0.47916,0.27297,2.317e-7,-0.34204,0.056116,-0.0031629,0.00036839,2.9055e-9,0.00019271,0.00013138,0.0012165
beta_Cl_logtWTKG,-0.55889,10.192,0.17733,-0.9382,-7.7232e-7,1.1985,-1.0485,-0.0080705,-0.001365,-1.0487e-8,-0.01239,-0.020261,0.0073296
beta_Cl_tCLCRMLMIN,-0.47916,0.17733,0.082098,-0.041656,-4.1438e-8,0.064389,-0.01799,0.0003727,-6.6149e-5,-5.4764e-10,-0.00017322,-0.00022017,-0.00010407
V1_pop,0.27297,-0.9382,-0.041656,15.965,1.141e-6,3.2288,0.094564,-0.030333,0.0012745,1.4404e-8,-0.0049943,-0.0024258,0.0084531
Q_pop,2.317e-7,-7.7232e-7,-4.1438e-8,1.141e-6,1.1784e-12,-1.7313e-6,7.6663e-8,-2.7819e-8,1.4126e-9,1.375e-14,-3.857e-9,1.7173e-9,6.71e-9
V2_pop,-0.34204,1.1985,0.064389,3.2288,-1.7313e-6,4.2907,-0.11937,0.039576,-0.0020818,-2.2341e-8,0.0051839,-0.0039599,-0.0092571
omega_Cl,0.056116,-1.0485,-0.01799,0.094564,7.6663e-8,-0.11937,0.10998,0.00097098,0.00013759,1.055e-9,0.0013353,0.0021133,-0.00079789
omega_V1,-0.0031629,-0.0080705,0.0003727,-0.030333,-2.7819e-8,0.039576,0.00097098,0.0055641,2.8854e-5,-2.8538e-10,0.0032435,7.31e-5,-0.00028961
corr_V2_V1,0.00036839,-0.001365,-6.6149e-5,0.0012745,1.4126e-9,-0.0020818,0.00013759,2.8854e-5,5.7621e-6,1.8648e-11,3.0756e-5,4.0629e-6,5.8614e-6
omega_Q,2.9055e-9,-1.0487e-8,-5.4764e-10,1.4404e-8,1.375e-14,-2.2341e-8,1.055e-9,-2.8538e-10,1.8648e-11,3.7072e-16,-3.2721e-12,2.6081e-11,6.8136e-11
omega_V2,0.00019271,-0.01239,-0.00017322,-0.0049943,-3.857e-9,0.0051839,0.0013353,0.0032435,3.0756e-5,-3.2721e-12,0.0021585,6.5336e-5,-0.00010631
a1,0.00013138,-0.020261,-0.00022017,-0.0024258,1.7173e-9,-0.0039599,0.0021133,7.31e-5,4.0629e-6,2.6081e-11,6.5336e-5,0.00058044,-6.674e-5
a2,0.0012165,0.0073296,-0.00010407,0.0084531,6.71e-9,-0.0092571,-0.00079789,-0.00028961,5.8614e-6,6.8136e-11,-0.00010631,-6.674e-5,0.00015218
