Cl_pop,1,0.014027,0.027963,-0.038795,0,0,0,0,0
V1_pop,0.014027,1,-0.19148,0.23391,0,0,0,0,0
Q_pop,0.027963,-0.19148,1,-0.097611,0,0,0,0,0
V2_pop,-0.038795,0.23391,-0.097611,1,0,0,0,0,0
omega_Cl,0,0,0,0,1,0.00080889,-0.00036191,-0.0028943,-0.0081295
omega_V1,0,0,0,0,0.00080889,1,-0.014988,-0.011204,-0.25295
omega_Q,0,0,0,0,-0.00036191,-0.014988,1,0.010421,-0.055676
omega_V2,0,0,0,0,-0.0028943,-0.011204,0.010421,1,-0.27776
b,0,0,0,0,-0.0081295,-0.25295,-0.055676,-0.27776,1
