Cl_pop,0.12322,0.00017961,0.0086901,0.0073881,-0.00021233,-0.00043842,-4.5636e-5,-5.1088e-5,-0.00047356,-8.2675e-5,4.5826e-5
V1_pop,0.00017961,4.0425,-1.2348,5.7019,0.00056693,-0.069092,-0.0031389,-0.0077882,-0.10228,-0.0035772,0.0030994
Q_pop,0.0086901,-1.2348,2.2044,-2.0992,-0.00013407,0.063745,0.0034987,0.022107,0.081845,0.0024562,-0.0024489
V2_pop,0.0073881,5.7019,-2.0992,8.7251,0.0007459,-0.14916,-0.0086206,-0.0099435,-0.20082,-0.0066743,0.0058383
omega_Cl,-0.00021233,0.00056693,-0.00013407,0.0007459,0.0023772,-3.5774e-5,-1.0288e-6,3.8253e-5,-3.7445e-5,2.2307e-5,-1.0036e-5
omega_V1,-0.00043842,-0.069092,0.063745,-0.14916,-3.5774e-5,0.01079,0.00051098,-0.00069513,0.012318,0.00024434,-0.00023857
corr_V2_V1,-4.5636e-5,-0.0031389,0.0034987,-0.0086206,-1.0288e-6,0.00051098,3.9326e-5,-4.8866e-5,0.00056045,1.343e-5,-1.2882e-5
omega_Q,-5.1088e-5,-0.0077882,0.022107,-0.0099435,3.8253e-5,-0.00069513,-4.8866e-5,0.018445,-0.0011214,4.297e-5,-7.546e-5
omega_V2,-0.00047356,-0.10228,0.081845,-0.20082,-3.7445e-5,0.012318,0.00056045,-0.0011214,0.015215,0.00030578,-0.00028743
a1,-8.2675e-5,-0.0035772,0.0024562,-0.0066743,2.2307e-5,0.00024434,1.343e-5,4.297e-5,0.00030578,0.00053194,-2.3148e-5
a2,4.5826e-5,0.0030994,-0.0024489,0.0058383,-1.0036e-5,-0.00023857,-1.2882e-5,-7.546e-5,-0.00028743,-2.3148e-5,4.8793e-5
