Cl_pop,29.887,-37.088,59.529,-3446.2,0.33784,4.6655,66.172,2.9367,-19.374,-0.1539,-0.13749
V1_pop,-37.088,60.905,-76.225,4385.3,-0.43351,-5.8548,-82.756,-3.7476,24.417,0.18941,0.17717
Q_pop,59.529,-76.225,124.04,-6982,0.68995,9.5085,134.63,5.9807,-39.074,-0.31098,-0.28215
V2_pop,-3446.2,4385.3,-6982,4.0428e+5,-40.082,-547.05,-7758.9,-343.88,2268.1,18.016,16.132
omega_Cl,0.33784,-0.43351,0.68995,-40.082,0.006955,0.053983,0.76594,0.03429,-0.22602,-0.0017466,-0.001618
omega_V1,4.6655,-5.8548,9.5085,-547.05,0.053983,0.74819,10.565,0.46585,-3.0653,-0.024488,-0.021917
corr_V2_V1,66.172,-82.756,134.63,-7758.9,0.76594,10.565,149.86,6.6097,-43.53,-0.34792,-0.31009
omega_Q,2.9367,-3.7476,5.9807,-343.88,0.03429,0.46585,6.6097,0.30567,-1.9358,-0.015287,-0.013844
omega_V2,-19.374,24.417,-39.074,2268.1,-0.22602,-3.0653,-43.53,-1.9358,12.821,0.10127,0.090292
a1,-0.1539,0.18941,-0.31098,18.016,-0.0017466,-0.024488,-0.34792,-0.015287,0.10127,0.0013442,0.00069366
a2,-0.13749,0.17717,-0.28215,16.132,-0.001618,-0.021917,-0.31009,-0.013844,0.090292,0.00069366,0.0007045
