Cl_pop,1,0.020355,0.030915,-0.028942,-0.0081492,-0.0039553,0.019178
V1_pop,0.020355,1,-0.22606,0.31054,0.044851,-0.10337,0.082467
Q_pop,0.030915,-0.22606,1,-0.12426,-0.0048777,0.010637,-0.0062252
V2_pop,-0.028942,0.31054,-0.12426,1,0.066562,-0.061576,-0.0054623
omega_Cl,-0.0081492,0.044851,-0.0048777,0.066562,1,0.0056006,-0.013906
omega_Q,-0.0039553,-0.10337,0.010637,-0.061576,0.0056006,1,-0.065768
b,0.019178,0.082467,-0.0062252,-0.0054623,-0.013906,-0.065768,1
