Cl_pop,0.38867,-1.1361,0.22989,-18.699,0.011896,-0.03579,-0.51342,0.11289,-0.5603,0.00067424,-0.0021673
V1_pop,-1.1361,7.9698,-1.2849,84.743,-0.053701,0.14979,2.264,-0.50433,2.3495,-0.0040228,0.010399
Q_pop,0.22989,-1.2849,1.1526,-16.319,0.0099218,-0.023427,-0.37268,0.10985,-0.43404,0.00067869,-0.002536
V2_pop,-18.699,84.743,-16.319,1356.2,-0.88725,2.4505,35.248,-7.7105,38.673,-0.051805,0.15383
omega_Cl,0.011896,-0.053701,0.0099218,-0.88725,0.00328,-0.0017954,-0.025885,0.0053529,-0.026897,6.4953e-5,-0.00011733
omega_V1,-0.03579,0.14979,-0.023427,2.4505,-0.0017954,0.0087936,0.082095,-0.015838,0.077093,-9.4053e-5,0.00025041
corr_V2_V1,-0.51342,2.264,-0.37268,35.248,-0.025885,0.082095,1.255,-0.21921,1.0714,-0.0016633,0.0039117
omega_Q,0.11289,-0.50433,0.10985,-7.7105,0.0053529,-0.015838,-0.21921,0.067935,-0.23837,0.00036682,-0.0010509
omega_V2,-0.5603,2.3495,-0.43404,38.673,-0.026897,0.077093,1.0714,-0.23837,1.2029,-0.0015497,0.0045432
a1,0.00067424,-0.0040228,0.00067869,-0.051805,6.4953e-5,-9.4053e-5,-0.0016633,0.00036682,-0.0015497,0.00053328,-2.3654e-5
a2,-0.0021673,0.010399,-0.002536,0.15383,-0.00011733,0.00025041,0.0039117,-0.0010509,0.0045432,-2.3654e-5,6.6241e-5
