Cl_pop,1,-0.000557,0.0205,-0.00224,0,0,0,0,0,0,0
V1_pop,-0.000557,1,-0.161,0.667,0,0,0,0,0,0,0
Q_pop,0.0205,-0.161,1,-0.0502,0,0,0,0,0,0,0
V2_pop,-0.00224,0.667,-0.0502,1,0,0,0,0,0,0,0
omega_Cl,0,0,0,0,1,4.2e-5,-0.00106,-0.000213,0.000132,-8.14e-5,-0.00484
omega_V1,0,0,0,0,4.2e-5,1,0.0268,-0.0304,0.455,-0.00065,-0.0387
corr_V2_V1,0,0,0,0,-0.00106,0.0268,1,0.0527,-0.355,0.00564,0.336
omega_Q,0,0,0,0,-0.000213,-0.0304,0.0527,1,-0.0248,-0.00106,-0.0631
omega_V2,0,0,0,0,0.000132,0.455,-0.355,-0.0248,1,-0.00253,-0.151
a1,0,0,0,0,-8.14e-5,-0.00065,0.00564,-0.00106,-0.00253,1,-0.0151
a2,0,0,0,0,-0.00484,-0.0387,0.336,-0.0631,-0.151,-0.0151,1
