Cl_pop,0.124,-0.000323,0.00915,-0.00228,0,0,0,0,0,0,0
V1_pop,-0.000323,2.72,-0.336,3.18,0,0,0,0,0,0,0
Q_pop,0.00915,-0.336,1.61,-0.184,0,0,0,0,0,0,0
V2_pop,-0.00228,3.18,-0.184,8.33,0,0,0,0,0,0,0
omega_Cl,0,0,0,0,0.00233,1.26e-7,-9.95e-6,-1.56e-6,7.86e-7,-8.71e-8,-1.49e-6
omega_V1,0,0,0,0,1.26e-7,0.00387,0.000324,-0.000288,0.00349,-8.97e-7,-1.53e-5
corr_V2_V1,0,0,0,0,-9.95e-6,0.000324,0.038,0.00156,-0.00853,2.44e-5,0.000416
omega_Q,0,0,0,0,-1.56e-6,-0.000288,0.00156,0.0231,-0.000464,-3.57e-6,-6.1e-5
omega_V2,0,0,0,0,7.86e-7,0.00349,-0.00853,-0.000464,0.0152,-6.92e-6,-0.000118
a1,0,0,0,0,-8.71e-8,-8.97e-7,2.44e-5,-3.57e-6,-6.92e-6,0.000492,-2.13e-6
a2,0,0,0,0,-1.49e-6,-1.53e-5,0.000416,-6.1e-5,-0.000118,-2.13e-6,4.05e-5
