Cl_pop,1,0.021043,0.0055034,-0.014758,-0.021624,0.0048803,-0.011687,-0.053187,0.017744
V1_pop,0.021043,1,-0.050999,0.0093896,0.039017,-0.038294,-0.016086,0.1319,0.018106
Q_pop,0.0055034,-0.050999,1,-0.050025,-0.093249,-0.047567,-0.12338,0.087669,0.0064624
V2_pop,-0.014758,0.0093896,-0.050025,1,0.038955,0.021698,0.025059,0.12748,-0.022352
omega_Cl,-0.021624,0.039017,-0.093249,0.038955,1,0.00062716,0.024288,0.033241,-0.028601
omega_V1,0.0048803,-0.038294,-0.047567,0.021698,0.00062716,1,0.068464,-0.010027,-0.20396
omega_Q,-0.011687,-0.016086,-0.12338,0.025059,0.024288,0.068464,1,-0.059219,-0.017163
omega_V2,-0.053187,0.1319,0.087669,0.12748,0.033241,-0.010027,-0.059219,1,-0.083747
b,0.017744,0.018106,0.0064624,-0.022352,-0.028601,-0.20396,-0.017163,-0.083747,1
