Cl_pop,0.5285,0.041435,6.127e-7,-0.093831,-0.00082152,0.00020667,-1.6318e-8,-0.0095157,0.0001166
V1_pop,0.041435,7.3366,-2.1154e-5,0.22243,0.0055227,-0.0060419,-8.3688e-8,0.087924,0.00044326
Q_pop,6.127e-7,-2.1154e-5,2.3453e-8,-6.7e-5,-7.4626e-7,-4.2432e-7,-3.6292e-11,3.3041e-6,8.9452e-9
V2_pop,-0.093831,0.22243,-6.7e-5,76.487,0.017804,0.011054,4.2093e-7,0.27438,-0.0017668
omega_Cl,-0.00082152,0.0055227,-7.4626e-7,0.017804,0.0027309,1.9091e-6,2.4378e-9,0.0004275,-1.3509e-5
omega_V1,0.00020667,-0.0060419,-4.2432e-7,0.011054,1.9091e-6,0.0033931,7.6598e-9,-0.00014374,-0.00010738
omega_Q,-1.6318e-8,-8.3688e-8,-3.6292e-11,4.2093e-7,2.4378e-9,7.6598e-9,3.6891e-12,-2.7992e-8,-2.9795e-10
omega_V2,-0.0095157,0.087924,3.3041e-6,0.27438,0.0004275,-0.00014374,-2.7992e-8,0.060566,-0.00018629
b,0.0001166,0.00044326,8.9452e-9,-0.0017668,-1.3509e-5,-0.00010738,-2.9795e-10,-0.00018629,8.1695e-5
