Cl_pop,1,0.8251,-0.12827,-0.41672,-0.057071,-0.8227,-0.068745,0.041445,nan,0.14019,-0.33405,0.30397
beta_Cl_logtCLCRMLMIN,0.8251,1,-0.17535,-0.5246,-0.085489,-0.99822,-0.082468,0.046061,nan,0.18062,-0.39578,0.35306
V1_pop,-0.12827,-0.17535,1,0.20263,0.89609,0.17564,0.0071473,0.086136,nan,-0.12796,0.037709,0.022853
Q_pop,-0.41672,-0.5246,0.20263,1,-0.06566,0.52483,0.0023467,-0.097156,nan,-0.47628,0.31051,-0.14036
V2_pop,-0.057071,-0.085489,0.89609,-0.06566,1,0.086335,-0.0041946,0.11776,nan,0.020581,-0.018809,0.015288
omega_Cl,-0.8227,-0.99822,0.17564,0.52483,0.086335,1,0.081869,-0.048016,nan,-0.18068,0.3981,-0.35599
omega_V1,-0.068745,-0.082468,0.0071473,0.0023467,-0.0041946,0.081869,1,0.30218,nan,0.79485,0.0084089,-0.02164
corr_V2_V1,0.041445,0.046061,0.086136,-0.097156,0.11776,-0.048016,0.30218,1,nan,0.07078,-0.182,0.32103
omega_Q,nan,nan,nan,nan,nan,nan,nan,nan,nan,nan,nan,nan
omega_V2,0.14019,0.18062,-0.12796,-0.47628,0.020581,-0.18068,0.79485,0.07078,nan,1,-0.10347,-0.035571
a1,-0.33405,-0.39578,0.037709,0.31051,-0.018809,0.3981,0.0084089,-0.182,nan,-0.10347,1,-0.36544
a2,0.30397,0.35306,0.022853,-0.14036,0.015288,-0.35599,-0.02164,0.32103,nan,-0.035571,-0.36544,1
