Cl_pop,2.8867,-0.46638,-0.46646,0.044722,nan,0.0086896,0.047109,0.00097179,nan,-1.2754e-9,0.00024229,0.00022535,-0.00027526
beta_Cl_logtWTKG,-0.46638,15.011,0.18305,-1.5645,nan,-0.72015,-1.5546,-0.099556,nan,1.2003e-7,-0.040386,-0.051846,0.030613
beta_Cl_tCLCRMLMIN,-0.46646,0.18305,0.080086,-0.0084279,nan,-0.0035221,-0.018694,-0.00072006,nan,8.3305e-10,-0.00026742,-0.00039939,0.00025493
V1_pop,0.044722,-1.5645,-0.0084279,14.288,nan,3.3908,0.16439,0.01172,nan,-3.0358e-8,0.0039593,0.0043939,-0.0030334
Q_pop,nan,nan,nan,nan,nan,nan,nan,nan,nan,nan,nan,nan,nan
V2_pop,0.0086896,-0.72015,-0.0035221,3.3908,nan,0.8582,0.075587,0.010582,nan,-1.336e-8,0.0043796,0.0030722,-0.0018381
omega_Cl,0.047109,-1.5546,-0.018694,0.16439,nan,0.075587,0.16309,0.010459,nan,-1.2598e-8,0.0042483,0.0054276,-0.0032118
omega_V1,0.00097179,-0.099556,-0.00072006,0.01172,nan,0.010582,0.010459,0.0062693,nan,-1.5526e-9,0.0029156,0.0005683,-0.00036913
corr_V2_V1,nan,nan,nan,nan,nan,nan,nan,nan,nan,nan,nan,nan,nan
omega_Q,-1.2754e-9,1.2003e-7,8.3305e-10,-3.0358e-8,nan,-1.336e-8,-1.2598e-8,-1.5526e-9,nan,2.4e-15,-6.008e-10,-6.4515e-10,3.9662e-10
omega_V2,0.00024229,-0.040386,-0.00026742,0.0039593,nan,0.0043796,0.0042483,0.0029156,nan,-6.008e-10,0.0014261,0.00022536,-0.00014357
a1,0.00022535,-0.051846,-0.00039939,0.0043939,nan,0.0030722,0.0054276,0.0005683,nan,-6.4515e-10,0.00022536,0.00075203,-0.00018053
a2,-0.00027526,0.030613,0.00025493,-0.0030334,nan,-0.0018381,-0.0032118,-0.00036913,nan,3.9662e-10,-0.00014357,-0.00018053,0.00018052
