Cl_pop,1,-0.0159,0.0173,-0.123,0,0,0,0,0,0,0
V1_pop,-0.0159,1,-0.161,0.505,0,0,0,0,0,0,0
Q_pop,0.0173,-0.161,1,-0.045,0,0,0,0,0,0,0
V2_pop,-0.123,0.505,-0.045,1,0,0,0,0,0,0,0
omega_Cl,0,0,0,0,1,-0.00124,0.0165,-0.0011,-0.0393,-2.93e-5,-0.00328
omega_V1,0,0,0,0,-0.00124,1,0.335,-0.0286,0.262,-0.000427,-0.0478
corr_V2_V1,0,0,0,0,0.0165,0.335,1,0.00153,0.3,0.000308,0.0344
omega_Q,0,0,0,0,-0.0011,-0.0286,0.00153,1,-0.0176,-0.00108,-0.12
omega_V2,0,0,0,0,-0.0393,0.262,0.3,-0.0176,1,-0.000575,-0.0644
a1,0,0,0,0,-2.93e-5,-0.000427,0.000308,-0.00108,-0.000575,1,-0.0228
a2,0,0,0,0,-0.00328,-0.0478,0.0344,-0.12,-0.0644,-0.0228,1
