Cl_pop,0.112,-0.00954,0.00481,-0.479,0,0,0,0,0,0,0
V1_pop,-0.00954,3.23,-0.24,10.5,0,0,0,0,0,0,0
Q_pop,0.00481,-0.24,0.691,-0.434,0,0,0,0,0,0,0
V2_pop,-0.479,10.5,-0.434,134,0,0,0,0,0,0,0
omega_Cl,0,0,0,0,0.00243,-3.76e-6,0.000201,-7.19e-6,-0.000454,-3.24e-8,-1.08e-6
omega_V1,0,0,0,0,-3.76e-6,0.0038,0.00509,-0.000234,0.00379,-5.89e-7,-1.96e-5
corr_V2_V1,0,0,0,0,0.000201,0.00509,0.061,5.02e-5,0.0173,1.7e-6,5.66e-5
omega_Q,0,0,0,0,-7.19e-6,-0.000234,5.02e-5,0.0176,-0.000547,-3.2e-6,-0.000106
omega_V2,0,0,0,0,-0.000454,0.00379,0.0173,-0.000547,0.0548,-3.01e-6,-0.0001
a1,0,0,0,0,-3.24e-8,-5.89e-7,1.7e-6,-3.2e-6,-3.01e-6,0.000501,-3.4e-6
a2,0,0,0,0,-1.08e-6,-1.96e-5,5.66e-5,-0.000106,-0.0001,-3.4e-6,4.43e-5
