Cl_pop,1,-0.000893,0.0221,-0.00895,0,0,0,0,0,0,0
V1_pop,-0.000893,1,-0.133,0.675,0,0,0,0,0,0,0
Q_pop,0.0221,-0.133,1,-0.0781,0,0,0,0,0,0,0
V2_pop,-0.00895,0.675,-0.0781,1,0,0,0,0,0,0,0
omega_Cl,0,0,0,0,1,2.16e-5,-0.000774,-0.000232,4.08e-5,-7.56e-5,-0.00478
omega_V1,0,0,0,0,2.16e-5,1,0.0283,-0.0231,0.474,-0.000505,-0.0319
corr_V2_V1,0,0,0,0,-0.000774,0.0283,1,0.0413,-0.376,0.00523,0.331
omega_Q,0,0,0,0,-0.000232,-0.0231,0.0413,1,-0.0248,-0.00107,-0.0677
omega_V2,0,0,0,0,4.08e-5,0.474,-0.376,-0.0248,1,-0.00234,-0.148
a1,0,0,0,0,-7.56e-5,-0.000505,0.00523,-0.00107,-0.00234,1,-0.0153
a2,0,0,0,0,-0.00478,-0.0319,0.331,-0.0677,-0.148,-0.0153,1
