Cl_pop,0.122,-0.000555,0.00934,-0.0098,0,0,0,0,0,0,0
V1_pop,-0.000555,3.16,-0.285,3.76,0,0,0,0,0,0,0
Q_pop,0.00934,-0.285,1.46,-0.295,0,0,0,0,0,0,0
V2_pop,-0.0098,3.76,-0.295,9.8,0,0,0,0,0,0,0
omega_Cl,0,0,0,0,0.00231,6.84e-8,-7.35e-6,-1.65e-6,2.61e-7,-8.08e-8,-1.45e-6
omega_V1,0,0,0,0,6.84e-8,0.00435,0.000369,-0.000226,0.00416,-7.41e-7,-1.33e-5
corr_V2_V1,0,0,0,0,-7.35e-6,0.000369,0.0391,0.00121,-0.0099,2.3e-5,0.000412
omega_Q,0,0,0,0,-1.65e-6,-0.000226,0.00121,0.0219,-0.000489,-3.53e-6,-6.32e-5
omega_V2,0,0,0,0,2.61e-7,0.00416,-0.0099,-0.000489,0.0177,-6.92e-6,-0.000124
a1,0,0,0,0,-8.08e-8,-7.41e-7,2.3e-5,-3.53e-6,-6.92e-6,0.000495,-2.15e-6
a2,0,0,0,0,-1.45e-6,-1.33e-5,0.000412,-6.32e-5,-0.000124,-2.15e-6,3.98e-5
