Cl_pop,0.12285,-0.012182,0.021726,-0.01506,3.0659e-6,0.00056336,2.7687e-5,0.00054277,0.00074369,-4.2359e-5,-2.0819e-5
V1_pop,-0.012182,4.1487,-1.2284,5.2494,-0.00044896,-0.051606,-0.0035093,-0.061376,-0.06707,-0.0030878,0.0037439
Q_pop,0.021726,-1.2284,2.3328,-0.86792,0.00081297,0.081026,0.006003,0.049801,0.11147,0.0031845,-0.0050284
V2_pop,-0.01506,5.2494,-0.86792,9.6184,0.00054783,0.056349,0.010252,-0.093051,0.10744,0.0031489,-0.004237
omega_Cl,3.0659e-6,-0.00044896,0.00081297,0.00054783,0.0023612,4.1487e-5,6.1595e-6,9.7729e-5,7.1166e-5,2.5908e-5,-1.4883e-5
omega_V1,0.00056336,-0.051606,0.081026,0.056349,4.1487e-5,0.013223,0.00085996,0.00042377,0.017631,0.00038708,-0.00056483
corr_V2_V1,2.7687e-5,-0.0035093,0.006003,0.010252,6.1595e-6,0.00085996,0.00010002,2.0182e-5,0.0013107,3.8496e-5,-5.6509e-5
omega_Q,0.00054277,-0.061376,0.049801,-0.093051,9.7729e-5,0.00042377,2.0182e-5,0.023391,0.00044174,9.944e-5,-0.00015987
omega_V2,0.00074369,-0.06707,0.11147,0.10744,7.1166e-5,0.017631,0.0013107,0.00044174,0.024357,0.00056515,-0.00083441
a1,-4.2359e-5,-0.0030878,0.0031845,0.0031489,2.5908e-5,0.00038708,3.8496e-5,9.944e-5,0.00056515,0.00053198,-3.6935e-5
a2,-2.0819e-5,0.0037439,-0.0050284,-0.004237,-1.4883e-5,-0.00056483,-5.6509e-5,-0.00015987,-0.00083441,-3.6935e-5,7.3811e-5
