Cl_pop,0.52038,0.03047,0.064832,-2.5252e-8,-0.00027959,-0.00099509,-2.6517e-10,8.9114e-5
V1_pop,0.03047,3.0638,-1.2087,4.8949e-7,0.002206,-0.03225,5.5973e-9,0.00095577
Q_pop,0.064832,-1.2087,8.1557,-1.7188e-7,0.00099844,-0.015302,5.4965e-10,-1.7316e-5
V2_pop,-2.5252e-8,4.8949e-7,-1.7188e-7,5.9109e-12,5.1759e-9,-6.2349e-8,2.2542e-14,-9.5559e-11
omega_Cl,-0.00027959,0.002206,0.00099844,5.1759e-9,0.0025902,7.27e-5,9.1572e-11,-4.0088e-6
omega_Q,-0.00099509,-0.03225,-0.015302,-6.2349e-8,7.27e-5,0.055457,-1.1589e-9,-0.00015488
omega_V2,-2.6517e-10,5.5973e-9,5.4965e-10,2.2542e-14,9.1572e-11,-1.1589e-9,1.5461e-15,9.7807e-12
b,8.9114e-5,0.00095577,-1.7316e-5,-9.5559e-11,-4.0088e-6,-0.00015488,9.7807e-12,6.6775e-5
