Cl_pop,1,0.00207,0.0168,-0.00376,0,0,0,0,0,0,0
V1_pop,0.00207,1,-0.141,0.541,0,0,0,0,0,0,0
Q_pop,0.0168,-0.141,1,-0.0206,0,0,0,0,0,0,0
V2_pop,-0.00376,0.541,-0.0206,1,0,0,0,0,0,0,0
omega_Cl,0,0,0,0,1,6.49e-5,-0.000609,-0.000105,7.85e-5,-7.53e-5,-0.00471
omega_V1,0,0,0,0,6.49e-5,1,0.0469,-0.0241,0.309,-0.000632,-0.0396
corr_V2_V1,0,0,0,0,-0.000609,0.0469,1,0.0552,-0.454,0.0052,0.326
omega_Q,0,0,0,0,-0.000105,-0.0241,0.0552,1,-0.0186,-0.000712,-0.0446
omega_V2,0,0,0,0,7.85e-5,0.309,-0.454,-0.0186,1,-0.00293,-0.183
a1,0,0,0,0,-7.53e-5,-0.000632,0.0052,-0.000712,-0.00293,1,-0.0157
a2,0,0,0,0,-0.00471,-0.0396,0.326,-0.0446,-0.183,-0.0157,1
