Cl_pop,0.124,0.00112,0.00758,-0.00381,0,0,0,0,0,0,0
V1_pop,0.00112,2.36,-0.277,2.39,0,0,0,0,0,0,0
Q_pop,0.00758,-0.277,1.64,-0.076,0,0,0,0,0,0,0
V2_pop,-0.00381,2.39,-0.076,8.29,0,0,0,0,0,0,0
omega_Cl,0,0,0,0,0.00234,1.83e-7,-1.02e-5,-8.08e-7,4.92e-7,-8.07e-8,-1.44e-6
omega_V1,0,0,0,0,1.83e-7,0.00339,0.000946,-0.000224,0.00234,-8.16e-7,-1.46e-5
corr_V2_V1,0,0,0,0,-1.02e-5,0.000946,0.12,0.00305,-0.0204,4e-5,0.000713
omega_Q,0,0,0,0,-8.08e-7,-0.000224,0.00305,0.0254,-0.000385,-2.52e-6,-4.49e-5
omega_V2,0,0,0,0,4.92e-7,0.00234,-0.0204,-0.000385,0.0168,-8.43e-6,-0.00015
a1,0,0,0,0,-8.07e-8,-8.16e-7,4e-5,-2.52e-6,-8.43e-6,0.000492,-2.21e-6
a2,0,0,0,0,-1.44e-6,-1.46e-5,0.000713,-4.49e-5,-0.00015,-2.21e-6,4e-5
