Cl_pop,1,-0.75,-0.272,-0.641,-0.94,-0.91,0.455,0.131,0.068,0.28,-0.341
beta_Cl_logtCLCR,-0.75,1,0.195,0.516,0.694,0.748,-0.245,-0.0842,-0.11,-0.179,0.22
V1_pop,-0.272,0.195,1,0.181,0.329,0.268,-0.211,-0.0317,-0.0073,-0.163,0.191
Q_pop,-0.641,0.516,0.181,1,0.619,0.627,-0.31,-0.0896,-0.0506,-0.105,0.147
V2_pop,-0.94,0.694,0.329,0.619,1,0.896,-0.512,-0.139,-0.0599,-0.339,0.409
omega_Cl,-0.91,0.748,0.268,0.627,0.896,1,-0.396,-0.12,-0.0727,-0.266,0.322
corr_V1_Cl,0.455,-0.245,-0.211,-0.31,-0.512,-0.396,1,0.153,-0.117,0.194,-0.232
omega_V1,0.131,-0.0842,-0.0317,-0.0896,-0.139,-0.12,0.153,1,-0.0164,0.114,-0.137
omega_Q,0.068,-0.11,-0.0073,-0.0506,-0.0599,-0.0727,-0.117,-0.0164,1,0.0341,-0.0458
a,0.28,-0.179,-0.163,-0.105,-0.339,-0.266,0.194,0.114,0.0341,1,-0.97
b,-0.341,0.22,0.191,0.147,0.409,0.322,-0.232,-0.137,-0.0458,-0.97,1
