Cl_pop,0.088,0.00835,-0.000388,0.0106,0.00213,0,0,0,0,0,0,0
beta_Cl_logtCLCRMLMIN,0.00835,0.059,0.00231,-0.000958,0.00607,0,0,0,0,0,0,0
V1_pop,-0.000388,0.00231,2.89,-0.412,2.21,0,0,0,0,0,0,0
Q_pop,0.0106,-0.000958,-0.412,1.46,-0.355,0,0,0,0,0,0,0
V2_pop,0.00213,0.00607,2.21,-0.355,4.69,0,0,0,0,0,0,0
omega_Cl,0,0,0,0,0,0.00159,4.27e-7,-3.25e-5,-1.55e-6,5.64e-6,-1.31e-7,-1.96e-6
omega_V1,0,0,0,0,0,4.27e-7,0.00392,0.000313,-0.000462,0.00288,-1.13e-6,-1.68e-5
corr_V2_V1,0,0,0,0,0,-3.25e-5,0.000313,0.134,0.000707,-0.0279,6.14e-5,0.000918
omega_Q,0,0,0,0,0,-1.55e-6,-0.000462,0.000707,0.026,-0.000552,-7.11e-6,-0.000106
omega_V2,0,0,0,0,0,5.64e-6,0.00288,-0.0279,-0.000552,0.0169,-1.38e-5,-0.000206
a1,0,0,0,0,0,-1.31e-7,-1.13e-6,6.14e-5,-7.11e-6,-1.38e-5,0.000494,-1.95e-6
a2,0,0,0,0,0,-1.96e-6,-1.68e-5,0.000918,-0.000106,-0.000206,-1.95e-6,4.37e-5
