Cl_pop,1,0.022877,0.025336,-0.005417,0,0,0,0,0
V1_pop,0.022877,1,-0.24313,0.16801,0,0,0,0,0
Q_pop,0.025336,-0.24313,1,-0.076121,0,0,0,0,0
V2_pop,-0.005417,0.16801,-0.076121,1,0,0,0,0,0
omega_Cl,0,0,0,0,1,0.00040194,-0.0004881,-0.00021186,-0.0085531
omega_V1,0,0,0,0,0.00040194,1,-0.031534,0.030735,-0.28372
omega_Q,0,0,0,0,-0.0004881,-0.031534,1,0.017065,-0.05584
omega_V2,0,0,0,0,-0.00021186,0.030735,0.017065,1,-0.31987
b,0,0,0,0,-0.0085531,-0.28372,-0.05584,-0.31987,1
