Cl_pop,0.51776,0.030121,0.055914,-0.024609,0,0,0,0,0
V1_pop,0.030121,3.3484,-1.3645,1.9409,0,0,0,0,0
Q_pop,0.055914,-1.3645,9.4069,-1.474,0,0,0,0,0
V2_pop,-0.024609,1.9409,-1.474,39.86,0,0,0,0,0
omega_Cl,0,0,0,0,0.0025365,1.3576e-6,-5.4757e-6,-4.0631e-6,-3.9709e-6
omega_V1,0,0,0,0,1.3576e-6,0.0044979,-0.00047108,0.0007849,-0.0001754
omega_Q,0,0,0,0,-5.4757e-6,-0.00047108,0.049617,0.0014475,-0.00011466
omega_V2,0,0,0,0,-4.0631e-6,0.0007849,0.0014475,0.145,-0.0011228
b,0,0,0,0,-3.9709e-6,-0.0001754,-0.00011466,-0.0011228,8.4977e-5
