Cl_pop,0.00498,0.00233,0.000376,-0.000213,-8.08e-5,nan,nan,-7.68e-5,nan,0.000262,-8.77e-5,4.7e-6,-3.59e-6
V1_pop,0.00233,0.0069,-0.00593,0.0076,-0.00053,nan,nan,-0.000524,nan,-0.00152,-0.000604,-5.69e-5,8.93e-5
Q_pop,0.000376,-0.00593,0.0548,-0.00809,0.00125,nan,nan,0.00124,nan,0.00705,0.00142,0.000139,-0.000268
V2_pop,-0.000213,0.0076,-0.00809,0.0102,-0.000647,nan,nan,-0.000641,nan,-0.00219,-0.00074,-7.85e-5,0.000121
omega_Cl,-8.08e-5,-0.00053,0.00125,-0.000647,0.00175,nan,nan,0.00174,nan,-0.000348,0.002,2.42e-5,-6.02e-5
corr_V1_Cl,nan,nan,nan,nan,nan,nan,nan,nan,nan,nan,nan,nan,nan
corr_V2_Cl,nan,nan,nan,nan,nan,nan,nan,nan,nan,nan,nan,nan,nan
omega_V1,-7.68e-5,-0.000524,0.00124,-0.000641,0.00174,nan,nan,0.00172,nan,-0.000342,0.00198,2.42e-5,-5.97e-5
corr_V2_V1,nan,nan,nan,nan,nan,nan,nan,nan,nan,nan,nan,nan,nan
omega_Q,0.000262,-0.00152,0.00705,-0.00219,-0.000348,nan,nan,-0.000342,nan,0.0251,-0.000394,5.47e-5,-3.71e-5
omega_V2,-8.77e-5,-0.000604,0.00142,-0.00074,0.002,nan,nan,0.00198,nan,-0.000394,0.00228,2.79e-5,-6.87e-5
a1,4.7e-6,-5.69e-5,0.000139,-7.85e-5,2.42e-5,nan,nan,2.42e-5,nan,5.47e-5,2.79e-5,0.000523,-1.11e-5
a2,-3.59e-6,8.93e-5,-0.000268,0.000121,-6.02e-5,nan,nan,-5.97e-5,nan,-3.71e-5,-6.87e-5,-1.11e-5,4.27e-5
