Cl_pop,0.124,-0.00125,0.00961,-0.0271,0,0,0,0,0,0,0
V1_pop,-0.00125,2.78,-0.241,3.84,0,0,0,0,0,0,0
Q_pop,0.00961,-0.241,1.34,-0.503,0,0,0,0,0,0,0
V2_pop,-0.0271,3.84,-0.503,13.3,0,0,0,0,0,0,0
omega_Cl,0,0,0,0,0.00234,8.1e-8,-4.32e-6,-1.55e-6,-1.22e-6,-8.34e-8,-1.48e-6
omega_V1,0,0,0,0,8.1e-8,0.0037,0.00063,-0.000186,0.00404,-8.42e-7,-1.49e-5
corr_V2_V1,0,0,0,0,-4.32e-6,0.00063,0.0796,0.00101,-0.0214,3.36e-5,0.000595
omega_Q,0,0,0,0,-1.55e-6,-0.000186,0.00101,0.0225,-0.000643,-3.33e-6,-5.9e-5
omega_V2,0,0,0,0,-1.22e-6,0.00404,-0.0214,-0.000643,0.0253,-1e-5,-0.000178
a1,0,0,0,0,-8.34e-8,-8.42e-7,3.36e-5,-3.33e-6,-1e-5,0.000494,-2.27e-6
a2,0,0,0,0,-1.48e-6,-1.49e-5,0.000595,-5.9e-5,-0.000178,-2.27e-6,4.1e-5
