Cl_pop,1,-0.000777,0.0215,-0.00262,0,0,0,0,0,0,0
V1_pop,-0.000777,1,-0.163,0.671,0,0,0,0,0,0,0
Q_pop,0.0215,-0.163,1,-0.071,0,0,0,0,0,0,0
V2_pop,-0.00262,0.671,-0.071,1,0,0,0,0,0,0,0
omega_Cl,0,0,0,0,1,5.56e-5,-0.00115,-0.000187,0.000275,-8.3e-5,-0.0049
omega_V1,0,0,0,0,5.56e-5,1,0.0173,-0.0343,0.465,-0.000704,-0.0416
corr_V2_V1,0,0,0,0,-0.00115,0.0173,1,0.0345,-0.364,0.00584,0.345
omega_Q,0,0,0,0,-0.000187,-0.0343,0.0345,1,-0.0155,-0.00116,-0.0688
omega_V2,0,0,0,0,0.000275,0.465,-0.364,-0.0155,1,-0.00272,-0.161
a1,0,0,0,0,-8.3e-5,-0.000704,0.00584,-0.00116,-0.00272,1,-0.0148
a2,0,0,0,0,-0.0049,-0.0416,0.345,-0.0688,-0.161,-0.0148,1
