Cl_pop,0.122,-0.000446,0.00966,-0.00257,0,0,0,0,0,0,0
V1_pop,-0.000446,2.69,-0.344,3.08,0,0,0,0,0,0,0
Q_pop,0.00966,-0.344,1.66,-0.256,0,0,0,0,0,0,0
V2_pop,-0.00257,3.08,-0.256,7.84,0,0,0,0,0,0,0
omega_Cl,0,0,0,0,0.00231,1.65e-7,-1.11e-5,-1.39e-6,1.65e-6,-8.86e-8,-1.5e-6
omega_V1,0,0,0,0,1.65e-7,0.00384,0.000216,-0.000328,0.00361,-9.7e-7,-1.65e-5
corr_V2_V1,0,0,0,0,-1.11e-5,0.000216,0.0404,0.00107,-0.00916,2.61e-5,0.000443
omega_Q,0,0,0,0,-1.39e-6,-0.000328,0.00107,0.0238,-0.000299,-4e-6,-6.78e-5
omega_V2,0,0,0,0,1.65e-6,0.00361,-0.00916,-0.000299,0.0157,-7.58e-6,-0.000129
a1,0,0,0,0,-8.86e-8,-9.7e-7,2.61e-5,-4e-6,-7.58e-6,0.000494,-2.1e-6
a2,0,0,0,0,-1.5e-6,-1.65e-5,0.000443,-6.78e-5,-0.000129,-2.1e-6,4.07e-5
