Cl_pop,0.0189,0.000268,-0.00509,-0.0171,-0.00377,0.000699,6.6e-05,-6.11e-05
V1_pop,0.000268,0.00526,-0.000395,-6.24e-05,1.58e-05,0.000133,-0.00013,3.94e-05
Q_pop,-0.00509,-0.000395,0.00803,0.0134,0.00332,-0.00074,0.000542,-0.000128
V2_pop,-0.0171,-6.24e-05,0.0134,0.0444,0.00909,-0.00169,-0.000177,0.000169
omega_Cl,-0.00377,1.58e-05,0.00332,0.00909,0.00872,-0.000312,0.00011,-2.29e-05
omega_V1,0.000699,0.000133,-0.00074,-0.00169,-0.000312,0.00349,0.000217,-8.67e-05
a,6.6e-05,-0.00013,0.000542,-0.000177,0.00011,0.000217,0.000862,-0.00025
b,-6.11e-05,3.94e-05,-0.000128,0.000169,-2.29e-05,-8.67e-05,-0.00025,8.78e-05
