Cl_pop,0.49002,-0.0296,0.057551,-0.11692,-0.00023164,-1.1499e-5,-6.7491e-6,-9.461e-5,-0.00085473,-0.00013821,5.8308e-5
V1_pop,-0.0296,12.562,-2.41,22.631,-0.00053253,-0.029203,-0.00069523,-0.065278,-0.030723,-0.0016987,0.0019779
Q_pop,0.057551,-2.41,7.139,-2.7464,0.0013096,-0.01512,-0.00031065,0.1662,0.00015626,0.00020782,-0.0016948
V2_pop,-0.11692,22.631,-2.7464,51.084,-0.0012531,-0.13693,-0.00385,0.14119,-0.035039,-0.0036951,0.001355
omega_Cl,-0.00023164,-0.00053253,0.0013096,-0.0012531,0.0023642,-2.9277e-5,7.0503e-8,0.00013265,-5.0574e-5,2.58e-5,-1.0252e-5
omega_V1,-1.1499e-5,-0.029203,-0.01512,-0.13693,-2.9277e-5,0.0056843,9.3085e-5,-0.0040524,0.0068426,2.6105e-5,-2.9799e-5
corr_V2_V1,-6.7491e-6,-0.00069523,-0.00031065,-0.00385,7.0503e-8,9.3085e-5,4.74e-6,-0.00011324,9.4313e-5,1.1465e-6,-1.0944e-6
omega_Q,-9.461e-5,-0.065278,0.1662,0.14119,0.00013265,-0.0040524,-0.00011324,0.032527,-0.0021407,4.6377e-5,-0.00013383
omega_V2,-0.00085473,-0.030723,0.00015626,-0.035039,-5.0574e-5,0.0068426,9.4313e-5,-0.0021407,0.010199,2.5458e-5,-6.798e-5
a1,-0.00013821,-0.0016987,0.00020782,-0.0036951,2.58e-5,2.6105e-5,1.1465e-6,4.6377e-5,2.5458e-5,0.00052175,-1.2687e-5
a2,5.8308e-5,0.0019779,-0.0016948,0.001355,-1.0252e-5,-2.9799e-5,-1.0944e-6,-0.00013383,-6.798e-5,-1.2687e-5,3.7255e-5
