Cl_pop,0.13098,-0.11511,0.0091709,-1.569,-0.0012839,-0.0034006,-0.065401,0.0035293,-0.027601,1.3632e-5,-0.0001359
V1_pop,-0.11511,4.8433,0.055615,14.934,-0.012483,0.081412,1.6636,-0.039181,0.1281,-0.0054424,0.0033705
Q_pop,0.0091709,0.055615,0.98757,-2.7653,-0.0037609,0.032987,0.54376,0.018987,-0.0057694,-0.0011064,-0.0009301
V2_pop,-1.569,14.934,-2.7653,261.78,-0.02807,0.0041797,0.058671,-0.24015,2.854,0.005868,0.015015
omega_Cl,-0.0012839,-0.012483,-0.0037609,-0.02807,0.0026747,-0.00081473,-0.015085,-6.7925e-5,-0.0005028,6.9273e-5,-2.6861e-5
omega_V1,-0.0034006,0.081412,0.032987,0.0041797,-0.00081473,0.0089033,0.10829,-0.00049487,0.0039366,-0.00028078,5.792e-5
corr_V2_V1,-0.065401,1.6636,0.54376,0.058671,-0.015085,0.10829,2.0254,-0.0051641,0.015442,-0.0055113,0.0015037
omega_Q,0.0035293,-0.039181,0.018987,-0.24015,-6.7925e-5,-0.00049487,-0.0051641,0.019194,-0.010028,0.00011298,-0.0002392
omega_V2,-0.027601,0.1281,-0.0057694,2.854,-0.0005028,0.0039366,0.015442,-0.010028,0.10836,0.0001373,0.00016646
a1,1.3632e-5,-0.0054424,-0.0011064,0.005868,6.9273e-5,-0.00028078,-0.0055113,0.00011298,0.0001373,0.00055594,-2.8854e-5
a2,-0.0001359,0.0033705,-0.0009301,0.015015,-2.6861e-5,5.792e-5,0.0015037,-0.0002392,0.00016646,-2.8854e-5,5.849e-5
