Cl_pop,1,0.04128,0.041419,0.021555,-0.0087602,0.040957,0.0057493,-0.03,0.011766
V1_pop,0.04128,1,0.1132,0.70727,-0.12653,0.95935,0.2411,-0.80169,-0.033716
Q_pop,0.041419,0.1132,1,0.066617,-0.0049015,0.11047,0.010906,-0.095231,0.004207
V2_pop,0.021555,0.70727,0.066617,1,-0.10187,0.5726,0.19325,-0.8997,0.017784
omega_Cl,-0.0087602,-0.12653,-0.0049015,-0.10187,1,-0.12046,-0.016732,0.11245,-0.014338
omega_V1,0.040957,0.95935,0.11047,0.5726,-0.12046,1,0.22852,-0.67522,-0.037922
omega_Q,0.0057493,0.2411,0.010906,0.19325,-0.016732,0.22852,1,-0.21125,-0.064831
omega_V2,-0.03,-0.80169,-0.095231,-0.8997,0.11245,-0.67522,-0.21125,1,-0.00096665
b,0.011766,-0.033716,0.004207,0.017784,-0.014338,-0.037922,-0.064831,-0.00096665,1
