Cl_pop,0.52803,2.6502e-6,0.081477,1.5455e-7,-0.0003308,1.8634e-8,0.0010016,-2.6275e-9,7.0693e-5
V1_pop,2.6502e-6,7.806e-9,2.7075e-5,6.1658e-10,-5.809e-7,5.3068e-11,5.1071e-6,-8.5372e-12,-2.463e-8
Q_pop,0.081477,2.7075e-5,7.3284,1.7794e-6,-0.00068951,1.8723e-7,0.007078,-3.1073e-8,9.4164e-5
V2_pop,1.5455e-7,6.1658e-10,1.7794e-6,9.7361e-11,-5.2235e-8,3.5374e-12,4.5716e-7,-1.07e-12,1.4509e-9
omega_Cl,-0.0003308,-5.809e-7,-0.00068951,-5.2235e-8,0.0027004,-3.9192e-9,-0.00020846,7.0431e-10,-6.1604e-6
omega_V1,1.8634e-8,5.3068e-11,1.8723e-7,3.5374e-12,-3.9192e-9,3.92e-13,3.4303e-8,-5.0955e-14,-1.9631e-10
omega_Q,0.0010016,5.1071e-6,0.007078,4.5716e-7,-0.00020846,3.4303e-8,0.057481,-6.1047e-9,-0.00012851
omega_V2,-2.6275e-9,-8.5372e-12,-3.1073e-8,-1.07e-12,7.0431e-10,-5.0955e-14,-6.1047e-9,1.4528e-14,-9.6333e-13
b,7.0693e-5,-2.463e-8,9.4164e-5,1.4509e-9,-6.1604e-6,-1.9631e-10,-0.00012851,-9.6333e-13,6.8362e-5
