Cl_pop,1,-0.0077541,0.028527,-0.00952,0.0027334,0.0029979,0.011931,0.00043613,0.0063552,-0.0098117,0.014409
V1_pop,-0.0077541,1,-0.3181,0.98073,-0.00983,0.082196,0.19028,-0.22748,0.132,-0.039731,0.13456
Q_pop,0.028527,-0.3181,1,-0.31603,0.012266,-0.088058,-0.12951,0.26327,-0.11348,0.013698,-0.089158
V2_pop,-0.00952,0.98073,-0.31603,1,-0.007279,0.10223,0.20888,-0.22807,0.15152,-0.035652,0.1097
omega_Cl,0.0027334,-0.00983,0.012266,-0.007279,1,0.0089709,0.016137,0.0069311,0.0074504,0.027245,-0.04693
omega_V1,0.0029979,0.082196,-0.088058,0.10223,0.0089709,1,0.56147,-0.23118,0.97081,0.010099,-0.054129
corr_V2_V1,0.011931,0.19028,-0.12951,0.20888,0.016137,0.56147,1,-0.29515,0.68332,-0.025804,0.10199
omega_Q,0.00043613,-0.22748,0.26327,-0.22807,0.0069311,-0.23118,-0.29515,1,-0.28192,0.026989,-0.10984
omega_V2,0.0063552,0.132,-0.11348,0.15152,0.0074504,0.97081,0.68332,-0.28192,1,-0.0073677,0.0070682
a1,-0.0098117,-0.039731,0.013698,-0.035652,0.027245,0.010099,-0.025804,0.026989,-0.0073677,1,-0.12565
a2,0.014409,0.13456,-0.089158,0.1097,-0.04693,-0.054129,0.10199,-0.10984,0.0070682,-0.12565,1
