Cl_pop,0.12564,-0.0045286,0.016879,-0.007616,4.8117e-5,6.5963e-5,1.8694e-5,3.0047e-5,0.00016759,-7.9902e-5,3.4425e-5
V1_pop,-0.0045286,2.7148,-0.87493,3.6471,-0.00080438,0.0084072,0.0013859,-0.072854,0.016182,-0.001504,0.0014944
Q_pop,0.016879,-0.87493,2.7866,-1.1907,0.0010169,-0.0091251,-0.00095568,0.085423,-0.014094,0.00052534,-0.0010032
V2_pop,-0.007616,3.6471,-1.1907,5.094,-0.00081591,0.014323,0.002084,-0.10006,0.025442,-0.0018487,0.0016688
omega_Cl,4.8117e-5,-0.00080438,0.0010169,-0.00081591,0.0024665,2.7657e-5,3.5426e-6,6.6907e-5,2.7528e-5,3.1087e-5,-1.571e-5
omega_V1,6.5963e-5,0.0084072,-0.0091251,0.014323,2.7657e-5,0.0038535,0.00015407,-0.0027895,0.0044836,1.4404e-5,-2.2649e-5
corr_V2_V1,1.8694e-5,0.0013859,-0.00095568,0.002084,3.5426e-6,0.00015407,1.9541e-5,-0.0002536,0.00022473,-2.6207e-6,3.0388e-6
omega_Q,3.0047e-5,-0.072854,0.085423,-0.10006,6.6907e-5,-0.0027895,-0.0002536,0.03778,-0.0040767,0.00012052,-0.0001439
omega_V2,0.00016759,0.016182,-0.014094,0.025442,2.7528e-5,0.0044836,0.00022473,-0.0040767,0.0055351,-1.2593e-5,3.5445e-6
a1,-7.9902e-5,-0.001504,0.00052534,-0.0018487,3.1087e-5,1.4404e-5,-2.6207e-6,0.00012052,-1.2593e-5,0.00052784,-1.9457e-5
a2,3.4425e-5,0.0014944,-0.0010032,0.0016688,-1.571e-5,-2.2649e-5,3.0388e-6,-0.0001439,3.5445e-6,-1.9457e-5,4.5433e-5
