Cl_pop,1,0.0015012,0.037011,0.013474,-0.0048936,-0.014222,-0.0034133,-0.00031332,0.012215
V1_pop,0.0015012,1,-0.072724,0.51758,0.0064063,-0.63405,-0.08797,-0.49543,-0.13501
Q_pop,0.037011,-0.072724,1,-0.018114,0.0064735,0.038931,-0.012908,0.058223,0.015971
V2_pop,0.013474,0.51758,-0.018114,1,-0.0064996,-0.59275,-0.063703,-0.43174,-0.085076
omega_Cl,-0.0048936,0.0064063,0.0064735,-0.0064996,1,-0.0016815,0.015009,0.0015716,-0.016883
omega_V1,-0.014222,-0.63405,0.038931,-0.59275,-0.0016815,1,0.051286,0.32408,0.12254
omega_Q,-0.0034133,-0.08797,-0.012908,-0.063703,0.015009,0.051286,1,0.051088,-0.055399
omega_V2,-0.00031332,-0.49543,0.058223,-0.43174,0.0015716,0.32408,0.051088,1,0.11688
b,0.012215,-0.13501,0.015971,-0.085076,-0.016883,0.12254,-0.055399,0.11688,1
