Cl_pop,1,0.116,-0.00152,0.0439,0.0123,0,0,0,0,0,0,0
beta_Cl_logtCLCRMLMIN,0.116,1,0.00403,-0.000667,0.014,0,0,0,0,0,0,0
V1_pop,-0.00152,0.00403,1,-0.301,0.574,0,0,0,0,0,0,0
Q_pop,0.0439,-0.000667,-0.301,1,-0.202,0,0,0,0,0,0,0
V2_pop,0.0123,0.014,0.574,-0.202,1,0,0,0,0,0,0,0
omega_Cl,0,0,0,0,0,1,0.000243,-0.00244,-0.000423,0.00111,-0.000283,-0.00861
omega_V1,0,0,0,0,0,0.000243,1,-0.0076,-0.0856,0.33,-0.00111,-0.0338
corr_V2_V1,0,0,0,0,0,-0.00244,-0.0076,1,-0.0295,-0.607,0.0119,0.362
omega_Q,0,0,0,0,0,-0.000423,-0.0856,-0.0295,1,-0.021,-0.00625,-0.19
omega_V2,0,0,0,0,0,0.00111,0.33,-0.607,-0.021,1,-0.00748,-0.228
a1,0,0,0,0,0,-0.000283,-0.00111,0.0119,-0.00625,-0.00748,1,-0.0127
a2,0,0,0,0,0,-0.00861,-0.0338,0.362,-0.19,-0.228,-0.0127,1
