Cl_pop,1,0.010956,0.03898,-0.024998,-0.0033961,0.028124,-0.0059065,0.023485,0.015321
V1_pop,0.010956,1,0.0022352,-0.27762,-0.021711,0.42048,0.030183,0.68211,0.082482
Q_pop,0.03898,0.0022352,1,-0.066473,0.011692,0.068827,-0.022555,0.051567,0.014131
V2_pop,-0.024998,-0.27762,-0.066473,1,-0.016304,-0.71329,0.02012,-0.43533,-0.052936
omega_Cl,-0.0033961,-0.021711,0.011692,-0.016304,1,0.0068216,0.013486,-0.0046178,-0.017783
omega_V1,0.028124,0.42048,0.068827,-0.71329,0.0068216,1,-0.042515,0.64065,0.092057
omega_Q,-0.0059065,0.030183,-0.022555,0.02012,0.013486,-0.042515,1,-0.056709,-0.06434
omega_V2,0.023485,0.68211,0.051567,-0.43533,-0.0046178,0.64065,-0.056709,1,0.09597
b,0.015321,0.082482,0.014131,-0.052936,-0.017783,0.092057,-0.06434,0.09597,1
