Cl_pop,0.52566,4.4963e-6,0.084938,6.3801e-7,-0.00049181,1.0736e-7,0.0020679,6.7484e-8,0.00016477
V1_pop,4.4963e-6,7.523e-9,1.6053e-5,2.0267e-9,-6.226e-7,1.6149e-10,3.8762e-6,1.3663e-10,1.296e-7
Q_pop,0.084938,1.6053e-5,7.5238,-8.5477e-6,0.00059812,4.065e-7,0.0037365,1.2395e-7,0.0004742
V2_pop,6.3801e-7,2.0267e-9,-8.5477e-6,7.6466e-9,-4.3959e-7,3.2493e-11,-4.5384e-7,6.2982e-11,4.7673e-8
omega_Cl,-0.00049181,-6.226e-7,0.00059812,-4.3959e-7,0.0026752,-1.3549e-8,-0.00011015,-1.2984e-8,-1.8622e-5
omega_V1,1.0736e-7,1.6149e-10,4.065e-7,3.2493e-11,-1.3549e-8,3.7966e-12,9.2731e-8,2.8807e-12,2.9168e-9
omega_Q,0.0020679,3.8762e-6,0.0037365,-4.5384e-7,-0.00011015,9.2731e-8,0.055169,6.3532e-8,-4.2786e-5
omega_V2,6.7484e-8,1.3663e-10,1.2395e-7,6.2982e-11,-1.2984e-8,2.8807e-12,6.3532e-8,3.3727e-12,2.5593e-9
b,0.00016477,1.296e-7,0.0004742,4.7673e-8,-1.8622e-5,2.9168e-9,-4.2786e-5,2.5593e-9,6.989e-5
