Cl_pop,0.0841,-0.067,-0.00686,0.00546,-0.108,-0.000645,-0.00427,0.0342,-0.153,0.000118
beta_Cl_centeredCLCR,-0.067,0.0639,0.000286,-0.0014,-0.000694,0.000789,-0.000423,0.000472,-0.00571,1.75e-05
V1_pop,-0.00686,0.000286,0.0102,-0.00707,0.0714,-0.000133,0.00268,-0.024,0.0987,-5.89e-05
Q_pop,0.00546,-0.0014,-0.00707,0.0425,-0.0447,-0.00017,0.000233,0.0166,-0.0396,-6.18e-05
V2_pop,-0.108,-0.000694,0.0714,-0.0447,1.19,-0.00318,0.0494,-0.366,1.68,-0.0014
omega_Cl,-0.000645,0.000789,-0.000133,-0.00017,-0.00318,0.00201,-0.000238,0.00141,-0.0061,3.26e-06
omega_V1,-0.00427,-0.000423,0.00268,0.000233,0.0494,-0.000238,0.00544,-0.0167,0.0768,-8.98e-05
omega_Q,0.0342,0.000472,-0.024,0.0166,-0.366,0.00141,-0.0167,0.14,-0.544,0.000442
omega_V2,-0.153,-0.00571,0.0987,-0.0396,1.68,-0.0061,0.0768,-0.544,2.52,-0.00225
b,0.000118,1.75e-05,-5.89e-05,-6.18e-05,-0.0014,3.26e-06,-8.98e-05,0.000442,-0.00225,8.24e-06
