Cl_pop,1,0.42782,0.021124,0.016404,0.016966,-0.41544,-0.029483,nan,0.014685,-0.032809,-0.047958,0.066867
beta_Cl_logtCLCRMLMIN,0.42782,1,-0.024337,-0.062114,-0.026939,-0.98048,-0.038054,nan,0.057791,-0.0067995,-0.073861,0.071353
V1_pop,0.021124,-0.024337,1,0.24435,0.96531,0.024248,-0.074717,nan,-0.071465,-0.1801,-0.05319,0.1592
Q_pop,0.016404,-0.062114,0.24435,1,0.2707,0.058383,-0.21205,nan,-0.53145,-0.57602,-0.062258,0.3605
V2_pop,0.016966,-0.026939,0.96531,0.2707,1,0.027673,-0.10041,nan,-0.21676,-0.19654,-0.038613,0.14201
omega_Cl,-0.41544,-0.98048,0.024248,0.058383,0.027673,1,0.038556,nan,-0.058715,0.009021,0.078915,-0.077534
omega_V1,-0.029483,-0.038054,-0.074717,-0.21205,-0.10041,0.038556,1,nan,0.12247,0.87932,0.031292,-0.17809
corr_V2_V1,nan,nan,nan,nan,nan,nan,nan,nan,nan,nan,nan,nan
omega_Q,0.014685,0.057791,-0.071465,-0.53145,-0.21676,-0.058715,0.12247,nan,1,0.31974,-0.033066,-0.09221
omega_V2,-0.032809,-0.0067995,-0.1801,-0.57602,-0.19654,0.009021,0.87932,nan,0.31974,1,0.049966,-0.29558
a1,-0.047958,-0.073861,-0.05319,-0.062258,-0.038613,0.078915,0.031292,nan,-0.033066,0.049966,1,-0.19753
a2,0.066867,0.071353,0.1592,0.3605,0.14201,-0.077534,-0.17809,nan,-0.09221,-0.29558,-0.19753,1
