Cl_pop,0.129,-0.00773,-0.0243,-1.85,0,0,0,0,0,0,0
V1_pop,-0.00773,3.07,-0.147,7.82,0,0,0,0,0,0,0
Q_pop,-0.0243,-0.147,0.49,1.24,0,0,0,0,0,0,0
V2_pop,-1.85,7.82,1.24,377,0,0,0,0,0,0,0
omega_Cl,0,0,0,0,0.00317,-4.09e-6,0.000194,-0.000144,-0.00189,-1.22e-8,-3.26e-7
omega_V1,0,0,0,0,-4.09e-6,0.00345,0.00376,-0.000147,0.000944,-5.95e-7,-1.59e-5
corr_V2_V1,0,0,0,0,0.000194,0.00376,0.109,-0.000223,0.0146,-5.39e-8,-1.44e-6
omega_Q,0,0,0,0,-0.000144,-0.000147,-0.000223,0.0138,-0.00217,-3.44e-6,-9.21e-5
omega_V2,0,0,0,0,-0.00189,0.000944,0.0146,-0.00217,0.0812,-3.25e-6,-8.71e-5
a1,0,0,0,0,-1.22e-8,-5.95e-7,-5.39e-8,-3.44e-6,-3.25e-6,0.000506,-3.26e-6
a2,0,0,0,0,-3.26e-7,-1.59e-5,-1.44e-6,-9.21e-5,-8.71e-5,-3.26e-6,4.29e-5
