Cl_pop,1,-0.0021,0.0225,-0.0195,0,0,0,0,0,0,0
V1_pop,-0.0021,1,-0.113,0.698,0,0,0,0,0,0,0
Q_pop,0.0225,-0.113,1,-0.0909,0,0,0,0,0,0,0
V2_pop,-0.0195,0.698,-0.0909,1,0,0,0,0,0,0,0
omega_Cl,0,0,0,0,1,-1.78e-5,-0.000169,-0.00025,-0.000282,-6.83e-5,-0.00467
omega_V1,0,0,0,0,-1.78e-5,1,0.0218,-0.0196,0.515,-0.00052,-0.0355
corr_V2_V1,0,0,0,0,-0.000169,0.0218,1,0.0177,-0.334,0.00462,0.316
omega_Q,0,0,0,0,-0.00025,-0.0196,0.0177,1,-0.0154,-0.000911,-0.0623
omega_V2,0,0,0,0,-0.000282,0.515,-0.334,-0.0154,1,-0.00189,-0.129
a1,0,0,0,0,-6.83e-5,-0.00052,0.00462,-0.000911,-0.00189,1,-0.0158
a2,0,0,0,0,-0.00467,-0.0355,0.316,-0.0623,-0.129,-0.0158,1
