Cl_pop,0.122,-0.00126,0.00992,-0.0248,0,0,0,0,0,0,0
V1_pop,-0.00126,2.98,-0.247,4.4,0,0,0,0,0,0,0
Q_pop,0.00992,-0.247,1.59,-0.418,0,0,0,0,0,0,0
V2_pop,-0.0248,4.4,-0.418,13.3,0,0,0,0,0,0,0
omega_Cl,0,0,0,0,0.00229,-5.53e-8,-1.35e-6,-1.78e-6,-1.98e-6,-7.31e-8,-1.39e-6
omega_V1,0,0,0,0,-5.53e-8,0.00419,0.000236,-0.000189,0.00488,-7.52e-7,-1.43e-5
corr_V2_V1,0,0,0,0,-1.35e-6,0.000236,0.0279,0.000439,-0.00818,1.72e-5,0.000328
omega_Q,0,0,0,0,-1.78e-6,-0.000189,0.000439,0.0221,-0.000335,-3.03e-6,-5.76e-5
omega_V2,0,0,0,0,-1.98e-6,0.00488,-0.00818,-0.000335,0.0214,-6.19e-6,-0.000118
a1,0,0,0,0,-7.31e-8,-7.52e-7,1.72e-5,-3.03e-6,-6.19e-6,0.000498,-2.19e-6
a2,0,0,0,0,-1.39e-6,-1.43e-5,0.000328,-5.76e-5,-0.000118,-2.19e-6,3.87e-5
