Cl_pop,0.091,0.00851,0.00357,0.00682,0.00324,0,0,0,0,0,0,0
beta_Cl_logtCLCRMLMIN,0.00851,0.0604,0.00754,-0.00658,0.000407,0,0,0,0,0,0,0
V1_pop,0.00357,0.00754,3.56,-1.33,0.975,0,0,0,0,0,0,0
Q_pop,0.00682,-0.00658,-1.33,7.97,2.23,0,0,0,0,0,0,0
V2_pop,0.00324,0.000407,0.975,2.23,11.8,0,0,0,0,0,0,0
omega_Cl,0,0,0,0,0,0.00163,-1.92e-10,3.58e-5,1.07e-6,-8.78e-6,-8.1e-8,-1.69e-6
omega_V1,0,0,0,0,0,-1.92e-10,0.00833,-0.00309,-0.00063,3.26e-5,-1.01e-6,-2.1e-5
corr_V2_V1,0,0,0,0,0,3.58e-5,-0.00309,0.246,0.0151,-0.0247,3.26e-5,0.000679
omega_Q,0,0,0,0,0,1.07e-6,-0.00063,0.0151,0.0308,-0.00114,1.59e-7,3.31e-6
omega_V2,0,0,0,0,0,-8.78e-6,3.26e-5,-0.0247,-0.00114,0.0141,-4.25e-6,-8.84e-5
a1,0,0,0,0,0,-8.1e-8,-1.01e-6,3.26e-5,1.59e-7,-4.25e-6,0.000506,-2.77e-6
a2,0,0,0,0,0,-1.69e-6,-2.1e-5,0.000679,3.31e-6,-8.84e-5,-2.77e-6,3.94e-5
