Cl_pop,1,0.00191,0.0376,-0.0596,0,0,0,0
V1_pop,0.00191,1,-0.136,0.208,0,0,0,0
Q_pop,0.0376,-0.136,1,-0.21,0,0,0,0
V2_pop,-0.0596,0.208,-0.21,1,0,0,0,0
omega_Cl,0,0,0,0,1,0.000197,-0.000278,-0.00686
omega_V1,0,0,0,0,0.000197,1,-0.0106,-0.0896
omega_Q,0,0,0,0,-0.000278,-0.0106,1,-0.0717
b,0,0,0,0,-0.00686,-0.0896,-0.0717,1
