Cl_pop,0.00506,9.36e-06,0.000512,-0.000639,0,0,0,0
V1_pop,9.36e-06,0.00477,-0.0018,0.00217,0,0,0,0
Q_pop,0.000512,-0.0018,0.0367,-0.00606,0,0,0,0
V2_pop,-0.000639,0.00217,-0.00606,0.0227,0,0,0,0
omega_Cl,0,0,0,0,0.00255,5.31e-07,-2.03e-06,-8.16e-07
omega_V1,0,0,0,0,5.31e-07,0.00284,-8.18e-05,-1.12e-05
omega_Q,0,0,0,0,-2.03e-06,-8.18e-05,0.0208,-2.43e-05
b,0,0,0,0,-8.16e-07,-1.12e-05,-2.43e-05,5.54e-06
