Cl_pop,1,0.016739,0.03681,-0.001447,-0.006675,0.0045746,-0.0055267,0.0042607,0.015504
V1_pop,0.016739,1,0.037993,0.05009,-0.017857,0.38314,-0.0055156,0.032942,0.055644
Q_pop,0.03681,0.037993,1,0.031069,0.0091815,0.0086683,-0.019068,0.044021,0.013423
V2_pop,-0.001447,0.05009,0.031069,1,-0.022193,0.1485,0.10833,0.45279,0.018873
omega_Cl,-0.006675,-0.017857,0.0091815,-0.022193,1,-0.021397,0.011806,-0.0026723,-0.02082
omega_V1,0.0045746,0.38314,0.0086683,0.1485,-0.021397,1,0.082071,0.13252,0.023288
omega_Q,-0.0055267,-0.0055156,-0.019068,0.10833,0.011806,0.082071,1,0.041941,-0.062814
omega_V2,0.0042607,0.032942,0.044021,0.45279,-0.0026723,0.13252,0.041941,1,-0.0064622
b,0.015504,0.055644,0.013423,0.018873,-0.02082,0.023288,-0.062814,-0.0064622,1
