Cl_pop,0.52163,3.2857e-7,0.071605,-5.4618e-8,-0.00024619,1.8428e-9,-0.00092257,1.3671e-9,9.2043e-5
V1_pop,3.2857e-7,7.3862e-10,2.7811e-6,7.1147e-11,-2.4784e-8,5.8076e-12,-3.4646e-8,3.9775e-13,1.2431e-8
Q_pop,0.071605,2.7811e-6,7.2543,4.3733e-6,0.0012629,1.3022e-8,-0.01187,5.2676e-8,0.00029717
V2_pop,-5.4618e-8,7.1147e-11,4.3733e-6,2.7314e-9,-5.9231e-8,4.3285e-12,1.3086e-6,1.0513e-11,8.1077e-9
omega_Cl,-0.00024619,-2.4784e-8,0.0012629,-5.9231e-8,0.0026079,-6.0942e-10,0.00013934,-6.0629e-11,-8.7394e-6
omega_V1,1.8428e-9,5.8076e-12,1.3022e-8,4.3285e-12,-6.0942e-10,3.1107e-13,1.058e-8,3.2837e-14,1.0677e-10
omega_Q,-0.00092257,-3.4646e-8,-0.01187,1.3086e-6,0.00013934,1.058e-8,0.05342,4.3066e-9,-0.00011934
omega_V2,1.3671e-9,3.9775e-13,5.2676e-8,1.0513e-11,-6.0629e-11,3.2837e-14,4.3066e-9,1.9738e-13,-2.3599e-11
b,9.2043e-5,1.2431e-8,0.00029717,8.1077e-9,-8.7394e-6,1.0677e-10,-0.00011934,-2.3599e-11,6.7566e-5
