Cl_pop,4.2554,-0.8261,-2.3675,-663.37,0.043091,-0.00037763,-0.36658,0.097438,0.72427,0.0018308,-0.0089997
V1_pop,-0.8261,11.62,0.36018,176.03,-0.016176,0.0014778,0.13293,-0.027875,-0.1604,-0.0031523,0.0038192
Q_pop,-2.3675,0.36018,2.2258,391.55,-0.043041,0.00082608,0.2808,-0.032871,-0.39623,-0.0012176,0.0047075
V2_pop,-663.37,176.03,391.55,1.1818e+5,-10.338,0.17092,70.632,-15.389,-120.27,-0.37711,1.576
omega_Cl,0.043091,-0.016176,-0.043041,-10.338,0.010602,-0.00032383,-0.03204,-0.00091333,0.0095803,0.00015171,-0.00029327
omega_V1,-0.00037763,0.0014778,0.00082608,0.17092,-0.00032383,0.0031208,0.0043985,0.0001827,0.00029886,4.016e-5,-3.8373e-5
corr_V2_V1,-0.36658,0.13293,0.2808,70.632,-0.03204,0.0043985,0.25889,0.0033415,-0.06618,-0.00029521,0.0013503
omega_Q,0.097438,-0.027875,-0.032871,-15.389,-0.00091333,0.0001827,0.0033415,0.0088517,0.017063,0.00013558,-0.00032756
omega_V2,0.72427,-0.1604,-0.39623,-120.27,0.0095803,0.00029886,-0.06618,0.017063,0.17623,0.00036086,-0.0018093
a1,0.0018308,-0.0031523,-0.0012176,-0.37711,0.00015171,4.016e-5,-0.00029521,0.00013558,0.00036086,0.00054401,-4.2434e-5
a2,-0.0089997,0.0038192,0.0047075,1.576,-0.00029327,-3.8373e-5,0.0013503,-0.00032756,-0.0018093,-4.2434e-5,0.00010109
