Cl_pop,0.5292,0.021306,0.056584,-0.1429,0,0,0,0,0
V1_pop,0.021306,3.7015,-1.2271,3.3656,0,0,0,0,0
Q_pop,0.056584,-1.2271,8.1772,-2.1948,0,0,0,0,0
V2_pop,-0.1429,3.3656,-2.1948,64.249,0,0,0,0,0
omega_Cl,0,0,0,0,0.0026019,2.2396e-6,-4.402e-6,-1.9771e-5,-3.9953e-6
omega_V1,0,0,0,0,2.2396e-6,0.0032036,-0.00030741,5.6399e-5,-0.00013455
omega_Q,0,0,0,0,-4.402e-6,-0.00030741,0.046949,0.00068538,-0.00011235
omega_V2,0,0,0,0,-1.9771e-5,5.6399e-5,0.00068538,0.067565,-0.00065866
b,0,0,0,0,-3.9953e-6,-0.00013455,-0.00011235,-0.00065866,8.4055e-5
