Cl_pop,1,-0.00255,0.0248,-0.0246,0,0,0,0,0,0,0
V1_pop,-0.00255,1,-0.125,0.672,0,0,0,0,0,0,0
Q_pop,0.0248,-0.125,1,-0.115,0,0,0,0,0,0,0
V2_pop,-0.0246,0.672,-0.115,1,0,0,0,0,0,0,0
omega_Cl,0,0,0,0,1,3.48e-5,8.85e-5,-0.000242,-0.000403,-7.77e-5,-0.00472
omega_V1,0,0,0,0,3.48e-5,1,0.0257,-0.0206,0.478,-0.000731,-0.0444
corr_V2_V1,0,0,0,0,8.85e-5,0.0257,1,0.0176,-0.387,0.00513,0.311
omega_Q,0,0,0,0,-0.000242,-0.0206,0.0176,1,-0.0231,-0.0011,-0.0668
omega_V2,0,0,0,0,-0.000403,0.478,-0.387,-0.0231,1,-0.00235,-0.142
a1,0,0,0,0,-7.77e-5,-0.000731,0.00513,-0.0011,-0.00235,1,-0.0163
a2,0,0,0,0,-0.00472,-0.0444,0.311,-0.0668,-0.142,-0.0163,1
