Cl_pop,0.123,-0.00145,0.00945,-0.0338,0,0,0,0,0,0,0
V1_pop,-0.00145,2.64,-0.221,4.27,0,0,0,0,0,0,0
Q_pop,0.00945,-0.221,1.18,-0.489,0,0,0,0,0,0,0
V2_pop,-0.0338,4.27,-0.489,15.3,0,0,0,0,0,0,0
omega_Cl,0,0,0,0,0.00233,9.93e-8,8.87e-7,-1.7e-6,-3.07e-6,-8.33e-8,-1.45e-6
omega_V1,0,0,0,0,9.93e-8,0.00349,0.000315,-0.000177,0.00445,-9.58e-7,-1.67e-5
corr_V2_V1,0,0,0,0,8.87e-7,0.000315,0.043,0.000531,-0.0126,2.36e-5,0.000412
omega_Q,0,0,0,0,-1.7e-6,-0.000177,0.000531,0.0212,-0.000531,-3.56e-6,-6.2e-5
omega_V2,0,0,0,0,-3.07e-6,0.00445,-0.0126,-0.000531,0.0248,-8.2e-6,-0.000143
a1,0,0,0,0,-8.33e-8,-9.58e-7,2.36e-5,-3.56e-6,-8.2e-6,0.000492,-2.3e-6
a2,0,0,0,0,-1.45e-6,-1.67e-5,0.000412,-6.2e-5,-0.000143,-2.3e-6,4.07e-5
