Cl_pop,0.00314,0.00157,-5.32e-5,0.000457,1.68e-5,2.02e-6,-4.52e-5,-5.94e-6,0.000104,-2.03e-5,-9.26e-6,4.25e-6
beta_Cl_logtCLCRMLMIN,0.00157,0.0583,-0.000197,0.000682,0.000502,-1.86e-5,-0.000223,-5.06e-5,0.000617,1.76e-5,6.69e-5,-1.43e-5
V1_pop,-5.32e-5,-0.000197,0.00776,-0.00481,0.00758,1.87e-5,0.000738,0.000129,-0.00321,0.000223,-5.38e-5,-2.96e-6
Q_pop,0.000457,0.000682,-0.00481,0.048,0.000272,-9.24e-6,-0.00295,-0.000404,0.0129,-0.00119,4.59e-5,5.46e-5
V2_pop,1.68e-5,0.000502,0.00758,0.000272,0.0153,-7.48e-5,-0.00125,-0.000377,0.00207,0.000698,0.0001,7.41e-6
omega_Cl,2.02e-6,-1.86e-5,1.87e-5,-9.24e-6,-7.48e-5,0.0016,7.24e-6,8.3e-6,2.23e-6,-3.58e-5,1.45e-5,-8.87e-6
omega_V1,-4.52e-5,-0.000223,0.000738,-0.00295,-0.00125,7.24e-6,0.00501,0.000183,-0.00325,0.00544,-3.33e-5,-1.6e-5
corr_V2_V1,-5.94e-6,-5.06e-5,0.000129,-0.000404,-0.000377,8.3e-6,0.000183,4.17e-5,-0.000401,3.06e-5,-8.79e-6,-2.08e-6
omega_Q,0.000104,0.000617,-0.00321,0.0129,0.00207,2.23e-6,-0.00325,-0.000401,0.028,-0.00203,0.00015,-3.62e-5
omega_V2,-2.03e-5,1.76e-5,0.000223,-0.00119,0.000698,-3.58e-5,0.00544,3.06e-5,-0.00203,0.00738,1.08e-6,1.71e-6
a1,-9.26e-6,6.69e-5,-5.38e-5,4.59e-5,0.0001,1.45e-5,-3.33e-5,-8.79e-6,0.00015,1.08e-6,0.00052,-1.26e-5
a2,4.25e-6,-1.43e-5,-2.96e-6,5.46e-5,7.41e-6,-8.87e-6,-1.6e-5,-2.08e-6,-3.62e-5,1.71e-6,-1.26e-5,3.8e-5
