Cl_pop,1,-0.021706,0.037644,-0.005572,-0.016515,-0.00095049,-0.019171,0.010117,-0.0092137,-0.010712,0.016339
V1_pop,-0.021706,1,-0.2903,0.92529,0.024423,0.070724,0.21466,-0.19878,0.14416,0.0024613,0.013071
Q_pop,0.037644,-0.2903,1,-0.21105,-0.010673,-0.05094,-0.16655,0.19904,-0.088752,-0.014895,-0.0082128
V2_pop,-0.005572,0.92529,-0.21105,1,-0.0047582,0.11497,0.061377,-0.17859,0.1275,-0.010791,0.017583
omega_Cl,-0.016515,0.024423,-0.010673,-0.0047582,1,-0.014015,0.039505,0.0035402,0.0038816,0.024507,-0.033373
omega_V1,-0.00095049,0.070724,-0.05094,0.11497,-0.014015,1,0.31357,-0.22174,0.96354,0.022539,-0.13384
corr_V2_V1,-0.019171,0.21466,-0.16655,0.061377,0.039505,0.31357,1,-0.16202,0.39826,0.074961,-0.11104
omega_Q,0.010117,-0.19878,0.19904,-0.17859,0.0035402,-0.22174,-0.16202,1,-0.23461,-0.0012907,-0.014261
omega_V2,-0.0092137,0.14416,-0.088752,0.1275,0.0038816,0.96354,0.39826,-0.23461,1,0.031422,-0.13616
a1,-0.010712,0.0024613,-0.014895,-0.010791,0.024507,0.022539,0.074961,-0.0012907,0.031422,1,-0.1034
a2,0.016339,0.013071,-0.0082128,0.017583,-0.033373,-0.13384,-0.11104,-0.014261,-0.13616,-0.1034,1
