Cl_pop,0.12343,-0.014387,0.017464,-0.0049367,-0.00028429,-2.476e-5,-1.2701e-5,0.00059523,-0.00028175,-8.5924e-5,3.6347e-5
V1_pop,-0.014387,3.5592,-0.72324,4.4022,0.0022576,0.0098931,0.00076372,-0.062802,0.023672,0.00010602,0.00015615
Q_pop,0.017464,-0.72324,1.7438,-0.70284,-0.0006906,-0.0049877,-0.00041476,0.044018,-0.010201,-0.00044906,-6.8671e-5
V2_pop,-0.0049367,4.4022,-0.70284,6.3596,-0.00058794,0.021497,0.0002919,-0.075424,0.027988,-0.00062131,0.00028076
omega_Cl,-0.00028429,0.0022576,-0.0006906,-0.00058794,0.0024008,-5.0916e-5,3.6504e-6,2.9049e-5,1.6554e-5,2.7415e-5,-1.0354e-5
omega_V1,-2.476e-5,0.0098931,-0.0049877,0.021497,-5.0916e-5,0.0054977,4.3846e-5,-0.0027534,0.0062186,3.8155e-5,-6.2838e-5
corr_V2_V1,-1.2701e-5,0.00076372,-0.00041476,0.0002919,3.6504e-6,4.3846e-5,3.5564e-6,-5.117e-5,6.5374e-5,3.2275e-6,-1.3259e-6
omega_Q,0.00059523,-0.062802,0.044018,-0.075424,2.9049e-5,-0.0027534,-5.117e-5,0.028046,-0.0034199,-4.9348e-6,-1.5123e-5
omega_V2,-0.00028175,0.023672,-0.010201,0.027988,1.6554e-5,0.0062186,6.5374e-5,-0.0034199,0.0075763,6.2444e-5,-7.5041e-5
a1,-8.5924e-5,0.00010602,-0.00044906,-0.00062131,2.7415e-5,3.8155e-5,3.2275e-6,-4.9348e-6,6.2444e-5,0.00052126,-1.4948e-5
a2,3.6347e-5,0.00015615,-6.8671e-5,0.00028076,-1.0354e-5,-6.2838e-5,-1.3259e-6,-1.5123e-5,-7.5041e-5,-1.4948e-5,4.0092e-5
