Cl_pop,0.50558,-0.22252,0.2082,-0.77344,9.786e-7,0.0038551,0.00075393,5.6789e-5,-0.002232,-0.00025909,0.00016847
V1_pop,-0.22252,17.953,-5.2177,34.865,-0.011361,-0.060337,-0.016387,-0.040742,0.090391,0.0018094,-0.0026927
Q_pop,0.2082,-5.2177,8.6504,-15.816,0.0091768,0.071632,0.013913,-0.018745,-0.040923,-0.0028213,0.0026846
V2_pop,-0.77344,34.865,-15.816,86.358,-0.040198,-0.29795,-0.062827,-0.04421,0.21453,0.0094247,-0.0098989
omega_Cl,9.786e-7,-0.011361,0.0091768,-0.040198,0.0024394,0.00020944,4.1761e-5,5.214e-5,-0.00012154,1.5423e-5,-2.9269e-6
omega_V1,0.0038551,-0.060337,0.071632,-0.29795,0.00020944,0.0060445,0.0004349,-0.0008802,0.0038656,-4.1971e-5,4.6205e-5
corr_V2_V1,0.00075393,-0.016387,0.013913,-0.062827,4.1761e-5,0.0004349,7.8481e-5,-5.5832e-5,-4.3617e-5,-1.0309e-5,1.0853e-5
omega_Q,5.6789e-5,-0.040742,-0.018745,-0.04421,5.214e-5,-0.0008802,-5.5832e-5,0.021948,-0.0010572,3.1907e-5,-4.1589e-5
omega_V2,-0.002232,0.090391,-0.040923,0.21453,-0.00012154,0.0038656,-4.3617e-5,-0.0010572,0.0059577,3.5067e-5,-2.3781e-5
a1,-0.00025909,0.0018094,-0.0028213,0.0094247,1.5423e-5,-4.1971e-5,-1.0309e-5,3.1907e-5,3.5067e-5,0.00051932,-1.1214e-5
a2,0.00016847,-0.0026927,0.0026846,-0.0098989,-2.9269e-6,4.6205e-5,1.0853e-5,-4.1589e-5,-2.3781e-5,-1.1214e-5,3.4854e-5
