Cl_pop,1,-0.21383,0.31798,nan,0.32797,0.23231,-0.17282,0.12869,-0.19193
V1_pop,-0.21383,1,-0.39428,nan,-0.28361,-0.12882,0.1889,-0.18095,0.21
Q_pop,0.31798,-0.39428,1,nan,0.62065,0.35023,-0.562,0.57735,-0.44912
V2_pop,nan,nan,nan,nan,nan,nan,nan,nan,nan
omega_Cl,0.32797,-0.28361,0.62065,nan,1,0.34139,-0.61177,0.49907,-0.36825
omega_V1,0.23231,-0.12882,0.35023,nan,0.34139,1,-0.28459,0.22467,-0.25332
omega_Q,-0.17282,0.1889,-0.562,nan,-0.61177,-0.28459,1,-0.61592,0.31303
omega_V2,0.12869,-0.18095,0.57735,nan,0.49907,0.22467,-0.61592,1,-0.3264
a,-0.19193,0.21,-0.44912,nan,-0.36825,-0.25332,0.31303,-0.3264,1
