Cl_pop,1,0.69683,-0.54123,-0.7504,0.19314,0.20943,0.50973,-0.76946,-0.038482
V1_pop,0.69683,1,-0.82644,-0.90646,0.21103,0.40026,0.82034,-0.84622,-0.15975
Q_pop,-0.54123,-0.82644,1,0.76927,-0.20134,-0.082739,-0.81865,0.65632,0.20919
V2_pop,-0.7504,-0.90646,0.76927,1,-0.22587,-0.23847,-0.71789,0.90042,0.10803
omega_Cl,0.19314,0.21103,-0.20134,-0.22587,1,0.060904,0.15464,-0.23021,-0.044406
omega_V1,0.20943,0.40026,-0.082739,-0.23847,0.060904,1,0.18713,-0.22924,-0.043214
omega_Q,0.50973,0.82034,-0.81865,-0.71789,0.15464,0.18713,1,-0.63019,-0.20378
omega_V2,-0.76946,-0.84622,0.65632,0.90042,-0.23021,-0.22924,-0.63019,1,0.04066
a,-0.038482,-0.15975,0.20919,0.10803,-0.044406,-0.043214,-0.20378,0.04066,1
