Cl_pop,1,0.0912,-0.324,-0.255,0.698,0.0278,0.562,0.249,-0.028
V1_pop,0.0912,1,-0.133,0.0325,0.156,0.0931,0.0631,0.0794,0.0258
Q_pop,-0.324,-0.133,1,0.00286,-0.314,-0.0677,-0.176,-0.199,-0.0924
V2_pop,-0.255,0.0325,0.00286,1,-0.127,0.0142,-0.0648,0.00944,-0.012
omega_Cl,0.698,0.156,-0.314,-0.127,1,0.0807,0.564,0.212,-0.0471
omega_V1,0.0278,0.0931,-0.0677,0.0142,0.0807,1,0.0814,0.00486,0.00315
omega_Q,0.562,0.0631,-0.176,-0.0648,0.564,0.0814,1,0.21,-0.164
omega_V2,0.249,0.0794,-0.199,0.00944,0.212,0.00486,0.21,1,-0.027
a,-0.028,0.0258,-0.0924,-0.012,-0.0471,0.00315,-0.164,-0.027,1
