Cl_pop,1.5114,1.5208e-5,-1.2366e-6,-51.605,0.013011,1.6076e-8,3.31e-8,-0.94249,-0.0091579
V1_pop,1.5208e-5,3.1518e-10,-2.7268e-11,-0.0009002,2.053e-7,4.4368e-13,7.6925e-13,-1.4968e-5,-5.4901e-7
Q_pop,-1.2366e-6,-2.7268e-11,3.4542e-12,7.9977e-5,-2.0506e-8,-9.6015e-15,-8.0365e-14,1.2153e-6,7.5259e-8
V2_pop,-51.605,-0.0009002,7.9977e-5,3129.2,-0.69238,-8.3291e-7,-2.1212e-6,50.184,1.1698
omega_Cl,0.013011,2.053e-7,-2.0506e-8,-0.69238,0.003003,2.0839e-10,4.4762e-10,-0.012569,-0.00047106
omega_V1,1.6076e-8,4.4368e-13,-9.6015e-15,-8.3291e-7,2.0839e-10,3.8986e-15,6.1716e-16,-1.4261e-8,-5.2232e-10
omega_Q,3.31e-8,7.6925e-13,-8.0365e-14,-2.1212e-6,4.4762e-10,6.1716e-16,2.79e-15,-3.3165e-8,-2.0836e-9
omega_V2,-0.94249,-1.4968e-5,1.2153e-6,50.184,-0.012569,-1.4261e-8,-3.3165e-8,0.9927,0.0078421
a,-0.0091579,-5.4901e-7,7.5259e-8,1.1698,-0.00047106,-5.2232e-10,-2.0836e-9,0.0078421,0.037472
