Cl_pop,0.87106,-0.87679,0.92938,nan,0.032073,0.013679,-0.036868,0.068987,-0.0022071
V1_pop,-0.87679,19.302,-5.4248,nan,-0.13056,-0.035707,0.1897,-0.45663,0.011368
Q_pop,0.92938,-5.4248,9.8074,nan,0.20366,0.069196,-0.4023,1.0385,-0.01733
V2_pop,nan,nan,nan,nan,nan,nan,nan,nan,nan
omega_Cl,0.032073,-0.13056,0.20366,nan,0.01098,0.0022568,-0.014653,0.030037,-0.00047544
omega_V1,0.013679,-0.035707,0.069196,nan,0.0022568,0.0039802,-0.004104,0.0081415,-0.00019691
omega_Q,-0.036868,0.1897,-0.4023,nan,-0.014653,-0.004104,0.05225,-0.080866,0.00088161
omega_V2,0.068987,-0.45663,1.0385,nan,0.030037,0.0081415,-0.080866,0.32992,-0.00231
a,-0.0022071,0.011368,-0.01733,nan,-0.00047544,-0.00019691,0.00088161,-0.00231,0.00015182
