Cl_pop,1,-0.046095,0.025701,-0.045247,-0.0075725,-0.0056746,0.0132,-0.043569,-0.010399
V1_pop,-0.046095,1,0.18199,0.87337,0.0048769,0.0091179,-0.29685,0.82278,0.43116
Q_pop,0.025701,0.18199,1,0.22616,0.010676,-0.035434,-0.10499,0.21772,0.11833
V2_pop,-0.045247,0.87337,0.22616,1,0.0060179,-0.062355,-0.36895,0.94942,0.49062
omega_Cl,-0.0075725,0.0048769,0.010676,0.0060179,1,-0.010433,0.01031,0.0083742,-0.010756
omega_V1,-0.0056746,0.0091179,-0.035434,-0.062355,-0.010433,1,-0.0085619,-0.02519,-0.0056921
omega_Q,0.0132,-0.29685,-0.10499,-0.36895,0.01031,-0.0085619,1,-0.36152,-0.23363
omega_V2,-0.043569,0.82278,0.21772,0.94942,0.0083742,-0.02519,-0.36152,1,0.4799
b,-0.010399,0.43116,0.11833,0.49062,-0.010756,-0.0056921,-0.23363,0.4799,1
