Cl_pop,0.12361,-0.0096071,0.018689,-0.017552,-0.00012075,0.00038832,4.7358e-5,-0.00010103,0.00059424,-7.0109e-5,1.9636e-5
V1_pop,-0.0096071,3.1415,-0.70211,4.5289,0.0013366,-0.01807,-0.00067162,-0.021318,-0.032326,-0.00090579,0.00085279
Q_pop,0.018689,-0.70211,1.8858,-1.1099,-0.00095681,0.017714,0.0016619,0.025747,0.028324,0.00018584,-0.00085633
V2_pop,-0.017552,4.5289,-1.1099,7.0813,0.0026374,-0.036269,-0.0032439,-0.019197,-0.061721,-0.00040773,0.0013032
omega_Cl,-0.00012075,0.0013366,-0.00095681,0.0026374,0.0024156,-0.00012168,-1.1183e-5,5.8211e-5,-0.00017938,2.7971e-5,-1.1689e-5
omega_V1,0.00038832,-0.01807,0.017714,-0.036269,-0.00012168,0.0058291,0.00032569,-0.0015035,0.0074835,2.0259e-5,-4.8202e-5
corr_V2_V1,4.7358e-5,-0.00067162,0.0016619,-0.0032439,-1.1183e-5,0.00032569,6.0832e-5,-0.00012132,0.00040957,-1.4937e-6,-4.2848e-6
omega_Q,-0.00010103,-0.021318,0.025747,-0.019197,5.8211e-5,-0.0015035,-0.00012132,0.022499,-0.002013,7.8583e-5,-6.4224e-5
omega_V2,0.00059424,-0.032326,0.028324,-0.061721,-0.00017938,0.0074835,0.00040957,-0.002013,0.010444,-6.104e-6,-4.9283e-5
a1,-7.0109e-5,-0.00090579,0.00018584,-0.00040773,2.7971e-5,2.0259e-5,-1.4937e-6,7.8583e-5,-6.104e-6,0.00052119,-1.6539e-5
a2,1.9636e-5,0.00085279,-0.00085633,0.0013032,-1.1689e-5,-4.8202e-5,-4.2848e-6,-6.4224e-5,-4.9283e-5,-1.6539e-5,4.1095e-5
