Cl_pop,0.12389,-0.0072488,0.015283,-0.01115,-0.00017282,0.00019636,2.4385e-5,2.0106e-5,0.0002118,-6.9105e-5,2.8305e-5
V1_pop,-0.0072488,3.2464,-0.61667,4.3614,0.0004609,-0.01033,-0.00028605,-0.016368,-0.010126,-0.00070888,0.00058242
Q_pop,0.015283,-0.61667,1.8285,-0.78111,9.503e-5,0.0050003,0.00017036,0.029263,0.0079017,0.00014144,-0.0003229
V2_pop,-0.01115,4.3614,-0.78111,6.5849,0.0016838,-0.032811,-0.0011544,0.017797,-0.022433,-0.00015455,0.00048229
omega_Cl,-0.00017282,0.0004609,9.503e-5,0.0016838,0.0024364,-0.00010494,-2.4113e-6,0.00018954,-0.00010182,2.2393e-5,-1.0443e-5
omega_V1,0.00019636,-0.01033,0.0050003,-0.032811,-0.00010494,0.0063518,0.00011398,-0.003562,0.0069058,-2.1341e-5,-1.2281e-5
corr_V2_V1,2.4385e-5,-0.00028605,0.00017036,-0.0011544,-2.4113e-6,0.00011398,1.1668e-5,-0.00010319,0.00011753,-4.0888e-6,1.7111e-6
omega_Q,2.0106e-5,-0.016368,0.029263,0.017797,0.00018954,-0.003562,-0.00010319,0.028083,-0.0032141,0.00010695,-7.7348e-5
omega_V2,0.0002118,-0.010126,0.0079017,-0.022433,-0.00010182,0.0069058,0.00011753,-0.0032141,0.0080189,-9.8675e-6,-1.6513e-5
a1,-6.9105e-5,-0.00070888,0.00014144,-0.00015455,2.2393e-5,-2.1341e-5,-4.0888e-6,0.00010695,-9.8675e-6,0.0005155,-1.2695e-5
a2,2.8305e-5,0.00058242,-0.0003229,0.00048229,-1.0443e-5,-1.2281e-5,1.7111e-6,-7.7348e-5,-1.6513e-5,-1.2695e-5,3.6957e-5
