Cl_pop,0.52309,4.1373e-7,0.073938,3.3975e-7,-0.00016554,-6.6324e-9,-0.0022975,-6.4683e-9,7.265e-5
V1_pop,4.1373e-7,7.9336e-10,2.1053e-6,8.7101e-10,-4.2862e-9,-1.059e-11,-2.5114e-6,-1.0475e-11,-1.8166e-8
Q_pop,0.073938,2.1053e-6,7.2233,1.2988e-6,0.0014815,-2.2995e-8,-0.021906,-1.4492e-8,0.00020583
V2_pop,3.3975e-7,8.7101e-10,1.2988e-6,1.0783e-9,-1.3828e-8,-1.2012e-11,-2.7465e-6,-1.1589e-11,-2.0376e-8
omega_Cl,-0.00016554,-4.2862e-9,0.0014815,-1.3828e-8,0.0026126,7.9894e-11,0.00017947,1.0313e-10,-7.1856e-6
omega_V1,-6.6324e-9,-1.059e-11,-2.2995e-8,-1.2012e-11,7.9894e-11,1.676e-13,3.7633e-8,1.5904e-13,2.7981e-10
omega_Q,-0.0022975,-2.5114e-6,-0.021906,-2.7465e-6,0.00017947,3.7633e-8,0.060645,3.7178e-8,-4.9546e-5
omega_V2,-6.4683e-9,-1.0475e-11,-1.4492e-8,-1.1589e-11,1.0313e-10,1.5904e-13,3.7178e-8,1.6944e-13,2.6464e-10
b,7.265e-5,-1.8166e-8,0.00020583,-2.0376e-8,-7.1856e-6,2.7981e-10,-4.9546e-5,2.6464e-10,6.7761e-5
