Cl_pop,0.52787,5.9624e-9,0.070134,nan,-0.00012811,-3.7714e-10,-0.000687,-9.6251e-10,8.4927e-5
V1_pop,5.9624e-9,2.0919e-10,-1.3679e-7,nan,-7.7317e-9,8.2336e-13,-4.6922e-8,-3.2793e-12,6.8655e-10
Q_pop,0.070134,-1.3679e-7,6.991,nan,0.0012563,-1.2832e-8,-0.012028,4.2283e-9,0.00020907
V2_pop,nan,nan,nan,nan,nan,nan,nan,nan,nan
omega_Cl,-0.00012811,-7.7317e-9,0.0012563,nan,0.0026543,6.5255e-11,0.00017375,3.4486e-10,-7.9891e-6
omega_V1,-3.7714e-10,8.2336e-13,-1.2832e-8,nan,6.5255e-11,4.798e-14,-2.8178e-9,-1.7165e-14,2.9929e-11
omega_Q,-0.000687,-4.6922e-8,-0.012028,nan,0.00017375,-2.8178e-9,0.054736,2.7602e-9,-0.00013383
omega_V2,-9.6251e-10,-3.2793e-12,4.2283e-9,nan,3.4486e-10,-1.7165e-14,2.7602e-9,3.3598e-13,4.3322e-11
b,8.4927e-5,6.8655e-10,0.00020907,nan,-7.9891e-6,2.9929e-11,-0.00013383,4.3322e-11,6.8697e-5
