Cl_pop,1,-0.00679,0.0337,-0.00514,0.00439,0.00316,-0.00283,0.00263,0.000795,-0.00793,0.00433
V1_pop,-0.00679,1,-0.218,0.861,0.00298,0.0381,-0.0144,-0.074,0.0674,-0.0144,0.0502
Q_pop,0.0337,-0.218,1,-0.171,0.00392,0.0814,-0.077,0.0579,0.0872,-0.00575,-0.0516
V2_pop,-0.00514,0.861,-0.171,1,0.00499,0.0111,-0.157,-0.00564,0.17,0.00604,-0.0661
omega_Cl,0.00439,0.00298,0.00392,0.00499,1,-0.00826,-0.0284,0.00847,-0.00275,0.0224,-0.0327
omega_V1,0.00316,0.0381,0.0814,0.0111,-0.00826,1,0.201,-0.103,0.932,0.00655,-0.0582
corr_V2_V1,-0.00283,-0.0144,-0.077,-0.157,-0.0284,0.201,1,-0.0646,0.0327,-0.0138,0.031
omega_Q,0.00263,-0.074,0.0579,-0.00564,0.00847,-0.103,-0.0646,1,-0.0659,0.0201,-0.124
omega_V2,0.000795,0.0674,0.0872,0.17,-0.00275,0.932,0.0327,-0.0659,1,0.0126,-0.101
a1,-0.00793,-0.0144,-0.00575,0.00604,0.0224,0.00655,-0.0138,0.0201,0.0126,1,-0.103
a2,0.00433,0.0502,-0.0516,-0.0661,-0.0327,-0.0582,0.031,-0.124,-0.101,-0.103,1
