Cl_pop,1,0.016294,0.027025,-0.035594,0,0,0,0,0
V1_pop,0.016294,1,-0.19663,0.23929,0,0,0,0,0
Q_pop,0.027025,-0.19663,1,-0.095769,0,0,0,0,0
V2_pop,-0.035594,0.23929,-0.095769,1,0,0,0,0,0
omega_Cl,0,0,0,0,1,0.00065775,-0.00038623,-0.0026096,-0.0079825
omega_V1,0,0,0,0,0.00065775,1,-0.014807,-0.0048841,-0.27538
omega_Q,0,0,0,0,-0.00038623,-0.014807,1,0.011082,-0.053572
omega_V2,0,0,0,0,-0.0026096,-0.0048841,0.011082,1,-0.27958
b,0,0,0,0,-0.0079825,-0.27538,-0.053572,-0.27958,1
