Cl_pop,0.53384,0.021657,0.056222,-0.22954,0,0,0,0,0
V1_pop,0.021657,3.3093,-1.0185,3.8422,0,0,0,0,0
Q_pop,0.056222,-1.0185,8.1072,-2.4068,0,0,0,0,0
V2_pop,-0.22954,3.8422,-2.4068,77.907,0,0,0,0,0
omega_Cl,0,0,0,0,0.0026134,1.9044e-6,-4.3078e-6,-5.2961e-5,-3.6939e-6
omega_V1,0,0,0,0,1.9044e-6,0.0032075,-0.00018296,-0.00010981,-0.00014117
omega_Q,0,0,0,0,-4.3078e-6,-0.00018296,0.047602,0.00095987,-0.0001058
omega_V2,0,0,0,0,-5.2961e-5,-0.00010981,0.00095987,0.1576,-0.0010047
b,0,0,0,0,-3.6939e-6,-0.00014117,-0.0001058,-0.0010047,8.1936e-5
