Cl_pop,0.00353,-0.00101,0.00223,0.000775,-0.000557,-3.79e-05,5.78e-05,2.54e-05,0.000169,1.81e-05,-0.000769
beta_Cl_logtCLCR,-0.00101,0.0476,0.000276,0.000428,-0.00115,-0.000186,-0.00155,-0.00144,0.000697,-4.52e-05,0.00382
V1_pop,0.00223,0.000276,0.00605,-0.0048,0.00274,8.3e-05,-0.00278,8.1e-05,-0.00349,-7.5e-05,0.00309
Q_pop,0.000775,0.000428,-0.0048,0.0521,-0.00933,-0.000276,0.00572,-0.000545,0.0103,0.000314,-0.0133
V2_pop,-0.000557,-0.00115,0.00274,-0.00933,0.0192,0.000401,-0.000208,-0.000352,-0.00263,-0.000271,0.0106
omega_Cl,-3.79e-05,-0.000186,8.3e-05,-0.000276,0.000401,0.00182,0.00312,0.000775,-4.55e-05,-4.26e-07,-0.000134
corr_V1_Cl,5.78e-05,-0.00155,-0.00278,0.00572,-0.000208,0.00312,0.0444,0.00405,0.00599,3.73e-05,-0.00204
omega_V1,2.54e-05,-0.00144,8.1e-05,-0.000545,-0.000352,0.000775,0.00405,0.00341,-0.000978,3.5e-05,-0.00211
omega_Q,0.000169,0.000697,-0.00349,0.0103,-0.00263,-4.55e-05,0.00599,-0.000978,0.0331,0.000113,-0.00536
b,1.81e-05,-4.52e-05,-7.5e-05,0.000314,-0.000271,-4.26e-07,3.73e-05,3.5e-05,0.000113,7.1e-05,-0.00311
c,-0.000769,0.00382,0.00309,-0.0133,0.0106,-0.000134,-0.00204,-0.00211,-0.00536,-0.00311,0.148
