Cl_pop,1.7861,0.063612,2.6943,-161.47,-0.018971,0.16629,3.17,0.22642,-1.6955,-0.0035117,-0.012069
V1_pop,0.063612,15.737,-1.1495,16.717,-0.0035076,0.052292,1.4516,-0.055558,-0.15077,-0.0034218,0.0011307
Q_pop,2.6943,-1.1495,9.0864,-336.19,-0.026025,0.36953,6.7852,0.51192,-3.4005,-0.0064467,-0.027804
V2_pop,-161.47,16.717,-336.19,20728,1.406,-20.894,-399.16,-27.944,212.78,0.41728,1.5238
omega_Cl,-0.018971,-0.0035076,-0.026025,1.406,0.0033022,-0.0017798,-0.03168,-0.0019771,0.01441,6.0002e-5,9.8986e-5
omega_V1,0.16629,0.052292,0.36953,-20.894,-0.0017798,0.027025,0.44572,0.028336,-0.21492,-0.0004441,-0.0016429
corr_V2_V1,3.17,1.4516,6.7852,-399.16,-0.03168,0.44572,8.4845,0.54417,-4.1693,-0.0088663,-0.030646
omega_Q,0.22642,-0.055558,0.51192,-27.944,-0.0019771,0.028336,0.54417,0.053012,-0.2985,-0.00055772,-0.002207
omega_V2,-1.6955,-0.15077,-3.4005,212.78,0.01441,-0.21492,-4.1693,-0.2985,2.3154,0.0044708,0.015779
a1,-0.0035117,-0.0034218,-0.0064467,0.41728,6.0002e-5,-0.0004441,-0.0088663,-0.00055772,0.0044708,0.00054307,1.5807e-5
a2,-0.012069,0.0011307,-0.027804,1.5238,9.8986e-5,-0.0016429,-0.030646,-0.002207,0.015779,1.5807e-5,0.00015974
