Cl_pop,1,0.019446,0.027284,-0.025496,0,0,0,0,0
V1_pop,0.019446,1,-0.21786,0.2283,0,0,0,0,0
Q_pop,0.027284,-0.21786,1,-0.09555,0,0,0,0,0
V2_pop,-0.025496,0.2283,-0.09555,1,0,0,0,0,0
omega_Cl,0,0,0,0,1,0.00049747,-0.00047192,-0.0016523,-0.0082279
omega_V1,0,0,0,0,0.00049747,1,-0.019894,0.0084362,-0.28848
omega_Q,0,0,0,0,-0.00047192,-0.019894,1,0.013566,-0.056158
omega_V2,0,0,0,0,-0.0016523,0.0084362,0.013566,1,-0.29229
b,0,0,0,0,-0.0082279,-0.28848,-0.056158,-0.29229,1
