Cl_pop,0.52566,0.025381,0.057438,-0.14803,0,0,0,0,0
V1_pop,0.025381,3.2408,-1.1388,3.2913,0,0,0,0,0
Q_pop,0.057438,-1.1388,8.4312,-2.2218,0,0,0,0,0
V2_pop,-0.14803,3.2913,-2.2218,64.13,0,0,0,0,0
omega_Cl,0,0,0,0,0.0025853,1.6042e-6,-5.2021e-6,-3.0888e-5,-3.8367e-6
omega_V1,0,0,0,0,1.6042e-6,0.004022,-0.00027353,0.00019671,-0.00016778
omega_Q,0,0,0,0,-5.2021e-6,-0.00027353,0.047001,0.0010813,-0.00011165
omega_V2,0,0,0,0,-3.0888e-5,0.00019671,0.0010813,0.13518,-0.00098554
b,0,0,0,0,-3.8367e-6,-0.00016778,-0.00011165,-0.00098554,8.4106e-5
