Cl_pop,1,0.0061153,0.036503,0.0026465,-0.0036433,-0.0063185,-0.0040943,0.0032147,0.012851
V1_pop,0.0061153,1,0.0087958,0.1775,0.010051,0.10403,0.013402,0.16195,0.025166
Q_pop,0.036503,0.0087958,1,-0.0056115,0.0091492,-9.647e-5,-0.034628,0.028274,0.0093153
V2_pop,0.0026465,0.1775,-0.0056115,1,-1.0983e-5,-0.15352,-0.0075767,0.29554,0.10985
omega_Cl,-0.0036433,0.010051,0.0091492,-1.0983e-5,1,0.0014961,0.012698,0.014577,-0.016089
omega_V1,-0.0063185,0.10403,-9.647e-5,-0.15352,0.0014961,1,0.011645,0.26281,0.015219
omega_Q,-0.0040943,0.013402,-0.034628,-0.0075767,0.012698,0.011645,1,-0.019941,-0.068581
omega_V2,0.0032147,0.16195,0.028274,0.29554,0.014577,0.26281,-0.019941,1,0.081233
b,0.012851,0.025166,0.0093153,0.10985,-0.016089,0.015219,-0.068581,0.081233,1
