Cl_pop,0.53125,1.3763e-6,0.06751,2.2396e-7,-0.00013721,-2.7346e-8,-0.00069208,1.594e-9,7.8235e-5
V1_pop,1.3763e-6,9.5343e-8,6.8915e-6,6.3635e-9,1.6036e-7,1.9075e-10,9.597e-7,3.4018e-11,6.4907e-8
Q_pop,0.06751,6.8915e-6,6.4386,-1.6532e-6,0.0011996,-1.4535e-9,-0.020378,4.8807e-8,0.00019743
V2_pop,2.2396e-7,6.3635e-9,-1.6532e-6,1.3481e-8,-6.5888e-11,-1.0584e-10,-2.0402e-7,2.3344e-11,1.0653e-7
omega_Cl,-0.00013721,1.6036e-7,0.0011996,-6.5888e-11,0.0026699,4.5903e-10,0.00015216,5.1241e-10,-6.9439e-6
omega_V1,-2.7346e-8,1.9075e-10,-1.4535e-9,-1.0584e-10,4.5903e-10,3.5259e-11,1.6036e-8,1.0616e-12,7.5483e-10
omega_Q,-0.00069208,9.597e-7,-0.020378,-2.0402e-7,0.00015216,1.6036e-8,0.053785,-3.1462e-9,-0.00013285
omega_V2,1.594e-9,3.4018e-11,4.8807e-8,2.3344e-11,5.1241e-10,1.0616e-12,-3.1462e-9,4.6281e-13,4.616e-10
b,7.8235e-5,6.4907e-8,0.00019743,1.0653e-7,-6.9439e-6,7.5483e-10,-0.00013285,4.616e-10,6.9769e-5
