Cl_pop,1,-0.023408,-0.97444,-0.00087699,0.011063,-0.0048805,-0.0030907,0.01908,0.018103,-0.0059335,0.003831,-0.0098188,0.0072312
beta_Cl_logtWTKG,-0.023408,1,0.039897,0.0083153,-0.00096786,0.0041139,0.0081524,0.0070202,0.019153,0.0056279,-0.006211,-0.0039222,0.0015919
beta_Cl_tCLCRMLMIN,-0.97444,0.039897,1,-0.00076315,-0.0030083,0.0028646,0.001041,-0.02004,-0.018692,0.0050353,-0.003316,0.006692,-0.0038651
V1_pop,-0.00087699,0.0083153,-0.00076315,1,-0.23555,0.94789,0.019243,0.15469,0.16987,-0.072459,-0.046783,0.0089296,-0.00042129
Q_pop,0.011063,-0.00096786,-0.0030083,-0.23555,1,-0.20912,-0.00033266,-0.036457,-0.07313,0.12547,-0.0021752,-0.0083541,-0.021461
V2_pop,-0.0048805,0.0041139,0.0028646,0.94789,-0.20912,1,0.015611,0.075487,0.05265,-0.044516,-0.021733,0.01481,-0.029978
omega_Cl,-0.0030907,0.0081524,0.001041,0.019243,-0.00033266,0.015611,1,0.022589,0.026152,0.0093361,-0.022126,0.038455,-0.058123
omega_V1,0.01908,0.0070202,-0.02004,0.15469,-0.036457,0.075487,0.022589,1,0.45822,-0.17755,0.73558,0.058861,-0.14333
corr_V2_V1,0.018103,0.019153,-0.018692,0.16987,-0.07313,0.05265,0.026152,0.45822,1,-0.084472,0.19006,0.060849,-0.053844
omega_Q,-0.0059335,0.0056279,0.0050353,-0.072459,0.12547,-0.044516,0.0093361,-0.17755,-0.084472,1,-0.19923,0.014286,-0.055759
omega_V2,0.003831,-0.006211,-0.003316,-0.046783,-0.0021752,-0.021733,-0.022126,0.73558,0.19006,-0.19923,1,-0.0084347,-0.042194
a1,-0.0098188,-0.0039222,0.006692,0.0089296,-0.0083541,0.01481,0.038455,0.058861,0.060849,0.014286,-0.0084347,1,-0.12099
a2,0.0072312,0.0015919,-0.0038651,-0.00042129,-0.021461,-0.029978,-0.058123,-0.14333,-0.053844,-0.055759,-0.042194,-0.12099,1
