Cl_pop,1,-0.035096,0.034581,0.019689,-0.0091215,-0.033569,-0.0018932,0.00020897,0.014843
V1_pop,-0.035096,1,0.016818,-0.29492,0.0121,0.63855,-0.01186,-0.021913,-0.0069378
Q_pop,0.034581,0.016818,1,-0.036537,0.0067101,0.032065,-0.031322,0.033119,0.013544
V2_pop,0.019689,-0.29492,-0.036537,1,0.013767,-0.44636,0.14598,0.012742,0.0054858
omega_Cl,-0.0091215,0.0121,0.0067101,0.013767,1,-0.037893,0.017705,-0.068986,-0.023022
omega_V1,-0.033569,0.63855,0.032065,-0.44636,-0.037893,1,-0.062511,0.50154,0.019588
omega_Q,-0.0018932,-0.01186,-0.031322,0.14598,0.017705,-0.062511,1,-0.01359,-0.06332
omega_V2,0.00020897,-0.021913,0.033119,0.012742,-0.068986,0.50154,-0.01359,1,0.047298
b,0.014843,-0.0069378,0.013544,0.0054858,-0.023022,0.019588,-0.06332,0.047298,1
