Cl_pop,0.52323,-1.4168e-6,0.06633,1.2322e-5,-0.00033899,-2.631e-8,-0.00031674,1.7885e-9,8.8228e-5
V1_pop,-1.4168e-6,3.1146e-9,2.4888e-6,-1.424e-8,3.4695e-8,3.8613e-11,-1.531e-7,-1.447e-11,-3.1817e-9
Q_pop,0.06633,2.4888e-6,7.0314,-8.3823e-5,0.00091417,9.2129e-8,-0.019211,1.0391e-6,0.00029512
V2_pop,1.2322e-5,-1.424e-8,-8.3823e-5,7.4856e-7,6.1197e-7,-4.1844e-10,2.9212e-5,1.3044e-10,3.9002e-8
omega_Cl,-0.00033899,3.4695e-8,0.00091417,6.1197e-7,0.0026397,-2.1095e-9,0.0002104,-4.1937e-8,-9.7195e-6
omega_V1,-2.631e-8,3.8613e-11,9.2129e-8,-4.1844e-10,-2.1095e-9,1.174e-12,-1.5666e-8,6.4299e-12,1.7441e-10
omega_Q,-0.00031674,-1.531e-7,-0.019211,2.9212e-5,0.0002104,-1.5666e-8,0.053498,-3.7191e-8,-0.00012035
omega_V2,1.7885e-9,-1.447e-11,1.0391e-6,1.3044e-10,-4.1937e-8,6.4299e-12,-3.7191e-8,1.4e-10,4.5987e-9
b,8.8228e-5,-3.1817e-9,0.00029512,3.9002e-8,-9.7195e-6,1.7441e-10,-0.00012035,4.5987e-9,6.7526e-5
