Cl_pop,0.00502,3.04e-05,0.000456,-0.000382,0,0,0,0
V1_pop,3.04e-05,0.00477,-0.00195,0.00164,0,0,0,0
Q_pop,0.000456,-0.00195,0.0427,-0.00469,0,0,0,0
V2_pop,-0.000382,0.00164,-0.00469,0.0173,0,0,0,0
omega_Cl,0,0,0,0,0.00254,6.2e-07,-2.05e-06,-8.17e-07
omega_V1,0,0,0,0,6.2e-07,0.00291,-0.000137,-1.18e-05
omega_Q,0,0,0,0,-2.05e-06,-0.000137,0.0243,-2.38e-05
b,0,0,0,0,-8.17e-07,-1.18e-05,-2.38e-05,5.55e-06
