Cl_pop,0.0934,0.00812,-0.0138,0.013,-0.441,0,0,0,0,0,0,0
beta_Cl_logtCLCRMLMIN,0.00812,0.0628,0.00643,-0.00206,0.0865,0,0,0,0,0,0,0
V1_pop,-0.0138,0.00643,2.72,-0.109,5.81,0,0,0,0,0,0,0
Q_pop,0.013,-0.00206,-0.109,0.75,-1.07,0,0,0,0,0,0,0
V2_pop,-0.441,0.0865,5.81,-1.07,70.9,0,0,0,0,0,0,0
omega_Cl,0,0,0,0,0,0.00169,-8.19e-7,0.000826,-1.24e-6,-0.000203,-5.49e-8,-1.06e-6
omega_V1,0,0,0,0,0,-8.19e-7,0.00321,-0.000859,-4.57e-5,0.00548,-9.17e-7,-1.77e-5
corr_V2_V1,0,0,0,0,0,0.000826,-0.000859,1.31,0.000322,-0.306,7.81e-5,0.00151
omega_Q,0,0,0,0,0,-1.24e-6,-4.57e-5,0.000322,0.0185,-0.000556,-2.37e-6,-4.58e-5
omega_V2,0,0,0,0,0,-0.000203,0.00548,-0.306,-0.000556,0.129,-1.8e-5,-0.000349
a1,0,0,0,0,0,-5.49e-8,-9.17e-7,7.81e-5,-2.37e-6,-1.8e-5,0.000503,-2.75e-6
a2,0,0,0,0,0,-1.06e-6,-1.77e-5,0.00151,-4.58e-5,-0.000349,-2.75e-6,4.03e-5
