Cl_pop,1,-0.013647,0.068585,-0.12752,-0.036358,-0.0053195,0.044945,-0.20426,0.018034
V1_pop,-0.013647,1,-0.06241,0.074443,0.028176,-0.027698,-0.034346,0.15877,0.029603
Q_pop,0.068585,-0.06241,1,-0.22492,-0.03299,-0.14501,0.67354,-0.2092,0.02984
V2_pop,-0.12752,0.074443,-0.22492,1,0.03526,0.040384,-0.15118,0.31093,-0.00083593
omega_Cl,-0.036358,0.028176,-0.03299,0.03526,1,0.0021896,-0.022743,0.031497,-0.024629
omega_V1,-0.0053195,-0.027698,-0.14501,0.040384,0.0021896,1,-0.17775,0.0288,-0.19215
omega_Q,0.044945,-0.034346,0.67354,-0.15118,-0.022743,-0.17775,1,-0.14898,0.06563
omega_V2,-0.20426,0.15877,-0.2092,0.31093,0.031497,0.0288,-0.14898,1,-0.033443
b,0.018034,0.029603,0.02984,-0.00083593,-0.024629,-0.19215,0.06563,-0.033443,1
