Cl_pop,1,-0.11911,0.054175,-0.11224,-0.00022712,-0.11659,-0.051232,0.1075,0.036952
V1_pop,-0.11911,1,-0.1549,0.93763,-0.044507,0.97308,0.38096,-0.87522,-0.18575
Q_pop,0.054175,-0.1549,1,-0.15312,0.016484,-0.15383,-0.092699,0.1566,0.044433
V2_pop,-0.11224,0.93763,-0.15312,1,-0.045991,0.872,0.35064,-0.85351,-0.1793
omega_Cl,-0.00022712,-0.044507,0.016484,-0.045991,1,-0.042104,-0.002801,0.037798,-0.0076013
omega_V1,-0.11659,0.97308,-0.15383,0.872,-0.042104,1,0.39543,-0.89121,-0.17561
omega_Q,-0.051232,0.38096,-0.092699,0.35064,-0.002801,0.39543,1,-0.3751,-0.12777
omega_V2,0.1075,-0.87522,0.1566,-0.85351,0.037798,-0.89121,-0.3751,1,0.1529
b,0.036952,-0.18575,0.044433,-0.1793,-0.0076013,-0.17561,-0.12777,0.1529,1
