Cl_pop,1,0.116,0.00255,0.0195,-0.00352,0,0,0,0,0,0,0
beta_Cl_logtCLCRMLMIN,0.116,1,0.00807,-0.00546,0.0154,0,0,0,0,0,0,0
V1_pop,0.00255,0.00807,1,-0.138,0.491,0,0,0,0,0,0,0
Q_pop,0.0195,-0.00546,-0.138,1,-0.0217,0,0,0,0,0,0,0
V2_pop,-0.00352,0.0154,0.491,-0.0217,1,0,0,0,0,0,0,0
omega_Cl,0,0,0,0,0,1,9.82e-5,-0.000714,-0.000143,9.05e-5,-9.67e-5,-0.00651
omega_V1,0,0,0,0,0,9.82e-5,1,0.0428,-0.0258,0.255,-0.000545,-0.0367
corr_V2_V1,0,0,0,0,0,-0.000714,0.0428,1,0.0456,-0.526,0.00482,0.325
omega_Q,0,0,0,0,0,-0.000143,-0.0258,0.0456,1,-0.0175,-0.000701,-0.0472
omega_V2,0,0,0,0,0,9.05e-5,0.255,-0.526,-0.0175,1,-0.00296,-0.199
a1,0,0,0,0,0,-9.67e-5,-0.000545,0.00482,-0.000701,-0.00296,1,-0.015
a2,0,0,0,0,0,-0.00651,-0.0367,0.325,-0.0472,-0.199,-0.015,1
