Cl_pop,0.0903,0.00855,0.00123,0.00748,-0.00291,0,0,0,0,0,0,0
beta_Cl_logtCLCRMLMIN,0.00855,0.0607,0.00318,-0.00172,0.0104,0,0,0,0,0,0,0
V1_pop,0.00123,0.00318,2.56,-0.281,2.17,0,0,0,0,0,0,0
Q_pop,0.00748,-0.00172,-0.281,1.63,-0.0763,0,0,0,0,0,0,0
V2_pop,-0.00291,0.0104,2.17,-0.0763,7.6,0,0,0,0,0,0,0
omega_Cl,0,0,0,0,0,0.00163,2.4e-7,-1.27e-5,-9.14e-7,4.78e-7,-8.74e-8,-1.63e-6
omega_V1,0,0,0,0,0,2.4e-7,0.00366,0.00114,-0.000246,0.00202,-7.38e-7,-1.37e-5
corr_V2_V1,0,0,0,0,0,-1.27e-5,0.00114,0.193,0.00316,-0.0303,4.74e-5,0.000883
omega_Q,0,0,0,0,0,-9.14e-7,-0.000246,0.00316,0.0248,-0.000362,-2.47e-6,-4.6e-5
omega_V2,0,0,0,0,0,4.78e-7,0.00202,-0.0303,-0.000362,0.0171,-8.66e-6,-0.000161
a1,0,0,0,0,0,-8.74e-8,-7.38e-7,4.74e-5,-2.47e-6,-8.66e-6,0.0005,-2.07e-6
a2,0,0,0,0,0,-1.63e-6,-1.37e-5,0.000883,-4.6e-5,-0.000161,-2.07e-6,3.83e-5
