Cl_pop,1,0.02075,0.037313,-0.016267,-0.0035549,0.0089255,-0.0060799,-0.016501,0.012265
V1_pop,0.02075,1,0.0063774,-0.070332,-0.027996,-0.10121,0.0029942,-0.78806,-0.057034
Q_pop,0.037313,0.0063774,1,-0.042213,0.010523,0.045646,-0.019063,0.0036241,0.0091346
V2_pop,-0.016267,-0.070332,-0.042213,1,-0.013713,-0.22828,0.035098,0.15436,0.018978
omega_Cl,-0.0035549,-0.027996,0.010523,-0.013713,1,-0.006483,0.015351,0.019364,-0.016446
omega_V1,0.0089255,-0.10121,0.045646,-0.22828,-0.006483,1,-0.059966,0.2902,0.044898
omega_Q,-0.0060799,0.0029942,-0.019063,0.035098,0.015351,-0.059966,1,-0.0019861,-0.063505
omega_V2,-0.016501,-0.78806,0.0036241,0.15436,0.019364,0.2902,-0.0019861,1,0.076685
b,0.012265,-0.057034,0.0091346,0.018978,-0.016446,0.044898,-0.063505,0.076685,1
