Cl_pop,0.51939,1.6296e-6,0.073922,-3.4171e-7,-0.00013059,7.1484e-9,-0.0010252,-4.9962e-9,7.3252e-5
V1_pop,1.6296e-6,1.1875e-8,1.9104e-6,-2.2339e-10,-1.5551e-7,-1.2257e-11,7.634e-8,-3.6079e-11,-5.1506e-8
Q_pop,0.073922,1.9104e-6,7.5569,-3.3824e-6,0.0014746,1.3945e-7,-0.012261,4.1856e-9,0.0002081
V2_pop,-3.4171e-7,-2.2339e-10,-3.3824e-6,8.496e-10,-2.0375e-8,-7.3946e-12,2.3936e-7,1.8903e-12,4.5844e-9
omega_Cl,-0.00013059,-1.5551e-7,0.0014746,-2.0375e-8,0.0025983,-3.6725e-10,0.00018309,4.1469e-10,-6.9473e-6
omega_V1,7.1484e-9,-1.2257e-11,1.3945e-7,-7.3946e-12,-3.6725e-10,1.235e-12,-1.5592e-8,1.3549e-13,4.135e-10
omega_Q,-0.0010252,7.634e-8,-0.012261,2.3936e-7,0.00018309,-1.5592e-8,0.054742,-1.9523e-10,-0.00012313
omega_V2,-4.9962e-9,-3.6079e-11,4.1856e-9,1.8903e-12,4.1469e-10,1.3549e-13,-1.9523e-10,1.7651e-13,2.67e-10
b,7.3252e-5,-5.1506e-8,0.0002081,4.5844e-9,-6.9473e-6,4.135e-10,-0.00012313,2.67e-10,6.868e-5
