Cl_pop,1,0.0040306,0.038052,-0.019097,-0.0046426,0.0082546,-0.0059277,0.016067,0.014197
V1_pop,0.0040306,1,0.031678,0.50035,-0.020934,0.43079,-0.047423,-0.011911,0.034037
Q_pop,0.038052,0.031678,1,-0.039134,0.0073931,0.033356,-0.028052,0.043028,0.011379
V2_pop,-0.019097,0.50035,-0.039134,1,-0.00094078,0.26564,0.0096976,-0.46636,0.038455
omega_Cl,-0.0046426,-0.020934,0.0073931,-0.00094078,1,-0.031005,0.016518,-0.021126,-0.02017
omega_V1,0.0082546,0.43079,0.033356,0.26564,-0.031005,1,-0.040404,-0.090257,0.051224
omega_Q,-0.0059277,-0.047423,-0.028052,0.0096976,0.016518,-0.040404,1,-0.019644,-0.06383
omega_V2,0.016067,-0.011911,0.043028,-0.46636,-0.021126,-0.090257,-0.019644,1,-0.034593
b,0.014197,0.034037,0.011379,0.038455,-0.02017,0.051224,-0.06383,-0.034593,1
