Cl_pop,0.123,-0.00149,0.00943,-0.0162,0,0,0,0,0,0,0
V1_pop,-0.00149,2.83,-0.269,3.61,0,0,0,0,0,0,0
Q_pop,0.00943,-0.269,1.26,-0.484,0,0,0,0,0,0,0
V2_pop,-0.0162,3.61,-0.484,10.5,0,0,0,0,0,0,0
omega_Cl,0,0,0,0,0.00232,1.03e-7,-8.77e-6,-1.54e-6,8.47e-7,-7.53e-8,-1.41e-6
omega_V1,0,0,0,0,1.03e-7,0.00379,0.00105,-0.000227,0.00401,-8.24e-7,-1.54e-5
corr_V2_V1,0,0,0,0,-8.77e-6,0.00105,0.0529,0.00062,-0.0128,2.53e-5,0.000473
omega_Q,0,0,0,0,-1.54e-6,-0.000227,0.00062,0.0215,-0.00061,-3.64e-6,-6.81e-5
omega_V2,0,0,0,0,8.47e-7,0.00401,-0.0128,-0.00061,0.0209,-8.44e-6,-0.000158
a1,0,0,0,0,-7.53e-8,-8.24e-7,2.53e-5,-3.64e-6,-8.44e-6,0.000495,-2.07e-6
a2,0,0,0,0,-1.41e-6,-1.54e-5,0.000473,-6.81e-5,-0.000158,-2.07e-6,3.92e-5
