Cl_pop,0.0879,0.0083,0.00524,0.0039,-0.00891,0,0,0,0,0,0,0
beta_Cl_logtCLCRMLMIN,0.0083,0.0593,0.00428,-0.00232,0.00776,0,0,0,0,0,0,0
V1_pop,0.00524,0.00428,3.8,-0.492,2.29,0,0,0,0,0,0,0
Q_pop,0.0039,-0.00232,-0.492,3.32,0.907,0,0,0,0,0,0,0
V2_pop,-0.00891,0.00776,2.29,0.907,13,0,0,0,0,0,0,0
omega_Cl,0,0,0,0,0,0.00159,4.4e-7,2.8e-5,4.5e-7,-7.42e-6,-6.06e-8,-1.42e-6
omega_V1,0,0,0,0,0,4.4e-7,0.00645,-0.000169,-0.000252,0.00121,-5.96e-7,-1.4e-5
corr_V2_V1,0,0,0,0,0,2.8e-5,-0.000169,0.146,0.00675,-0.0159,2.24e-5,0.000525
omega_Q,0,0,0,0,0,4.5e-7,-0.000252,0.00675,0.0304,-0.000438,-4.88e-7,-1.14e-5
omega_V2,0,0,0,0,0,-7.42e-6,0.00121,-0.0159,-0.000438,0.0138,-3.21e-6,-7.54e-5
a1,0,0,0,0,0,-6.06e-8,-5.96e-7,2.24e-5,-4.88e-7,-3.21e-6,0.000507,-2.26e-6
a2,0,0,0,0,0,-1.42e-6,-1.4e-5,0.000525,-1.14e-5,-7.54e-5,-2.26e-6,3.46e-5
