Cl_pop,0.49336,-0.042222,0.078681,-0.049849,-0.00029319,-5.5773e-5,-5.1153e-5,0.00010136,0.00032272,-0.00013928,4.4686e-5
V1_pop,-0.042222,14.066,-3.1136,17.499,0.0024362,-0.035689,-0.00080048,-0.046471,-0.050266,-0.0012609,0.0022535
Q_pop,0.078681,-3.1136,7.0164,-3.7153,-0.0015728,0.041496,0.00076816,0.048172,0.055467,0.00031134,-0.0020174
V2_pop,-0.049849,17.499,-3.7153,22.949,0.0027354,-0.047602,-0.0005602,-0.065165,-0.049187,-0.0020561,0.0029797
omega_Cl,-0.00029319,0.0024362,-0.0015728,0.0027354,0.0024016,-0.00010122,-3.7591e-6,7.6378e-5,-0.00011297,2.6253e-5,-9.9641e-6
omega_V1,-5.5773e-5,-0.035689,0.041496,-0.047602,-0.00010122,0.0079616,0.00025199,-0.00093749,0.008357,5.6555e-5,-0.00010795
corr_V2_V1,-5.1153e-5,-0.00080048,0.00076816,-0.0005602,-3.7591e-6,0.00025199,1.7158e-5,-4.0552e-5,0.0002475,2.7918e-6,-4.4411e-6
omega_Q,0.00010136,-0.046471,0.048172,-0.065165,7.6378e-5,-0.00093749,-4.0552e-5,0.020891,-0.0012047,6.7058e-5,-0.00010257
omega_V2,0.00032272,-0.050266,0.055467,-0.049187,-0.00011297,0.008357,0.0002475,-0.0012047,0.0093977,5.3024e-5,-0.00010949
a1,-0.00013928,-0.0012609,0.00031134,-0.0020561,2.6253e-5,5.6555e-5,2.7918e-6,6.7058e-5,5.3024e-5,0.00051965,-1.5341e-5
a2,4.4686e-5,0.0022535,-0.0020174,0.0029797,-9.9641e-6,-0.00010795,-4.4411e-6,-0.00010257,-0.00010949,-1.5341e-5,4.0889e-5
