Cl_pop,0.12569,-0.0055327,0.016858,-0.0024896,0.00010289,-0.0005173,-3.6834e-5,0.00051212,-0.00046517,-0.00012177,5.1606e-5
V1_pop,-0.0055327,2.8315,-0.73128,4.1478,-0.00062336,-0.0058737,-0.0004975,-0.040558,-0.008246,-0.0011274,0.0012993
Q_pop,0.016858,-0.73128,2.3595,-1.0867,0.00078988,-0.004325,-2.1471e-5,0.069651,-0.0046623,-1.6946e-5,-0.00065967
V2_pop,-0.0024896,4.1478,-1.0867,6.4014,-0.0013078,-0.024096,-0.0018994,-0.060469,-0.024093,-0.0030382,0.0029748
omega_Cl,0.00010289,-0.00062336,0.00078988,-0.0013078,0.0024292,4.6727e-5,5.9235e-6,8.6373e-5,5.4408e-5,2.9314e-5,-1.5473e-5
omega_V1,-0.0005173,-0.0058737,-0.004325,-0.024096,4.6727e-5,0.0061488,0.00019917,-0.0023265,0.0069405,0.00020226,-0.00017534
corr_V2_V1,-3.6834e-5,-0.0004975,-2.1471e-5,-0.0018994,5.9235e-6,0.00019917,1.5922e-5,-7.5409e-5,0.00020437,1.6648e-5,-1.2516e-5
omega_Q,0.00051212,-0.040558,0.069651,-0.060469,8.6373e-5,-0.0023265,-7.5409e-5,0.030027,-0.0027929,-4.3623e-6,-4.6274e-5
omega_V2,-0.00046517,-0.008246,-0.0046623,-0.024093,5.4408e-5,0.0069405,0.00020437,-0.0027929,0.0081068,0.00019811,-0.00018078
a1,-0.00012177,-0.0011274,-1.6946e-5,-0.0030382,2.9314e-5,0.00020226,1.6648e-5,-4.3623e-6,0.00019811,0.00053996,-2.7302e-5
a2,5.1606e-5,0.0012993,-0.00065967,0.0029748,-1.5473e-5,-0.00017534,-1.2516e-5,-4.6274e-5,-0.00018078,-2.7302e-5,4.9661e-5
