Cl_pop,1,-0.002975,0.037802,-0.0087861,-0.0055167,0.0073708,-0.0036339,0.0072993,0.012683
V1_pop,-0.002975,1,-0.16193,0.83482,-0.042407,-0.75961,0.028821,-0.79833,0.12541
Q_pop,0.037802,-0.16193,1,-0.19694,0.017786,0.1706,-0.040608,0.19849,-0.016013
V2_pop,-0.0087861,0.83482,-0.19694,1,-0.044051,-0.89408,0.037678,-0.91408,0.14594
omega_Cl,-0.0055167,-0.042407,0.017786,-0.044051,1,0.032893,0.012209,0.041904,-0.021133
omega_V1,0.0073708,-0.75961,0.1706,-0.89408,0.032893,1,-0.015493,0.82366,-0.12384
omega_Q,-0.0036339,0.028821,-0.040608,0.037678,0.012209,-0.015493,1,-0.054311,-0.058522
omega_V2,0.0072993,-0.79833,0.19849,-0.91408,0.041904,0.82366,-0.054311,1,-0.1186
b,0.012683,0.12541,-0.016013,0.14594,-0.021133,-0.12384,-0.058522,-0.1186,1
