Cl_pop,0.52899,-1.6117e-8,0.072918,-4.9059e-7,-0.00020698,6.6474e-10,-0.0006128,4.3193e-9,7.7118e-5
V1_pop,-1.6117e-8,5.5478e-11,-3.1988e-6,4.7736e-10,-1.6294e-8,-7.0156e-13,4.9773e-8,-4.8379e-12,7.8089e-9
Q_pop,0.072918,-3.1988e-6,7.0337,-4.0097e-5,0.0024332,5.6104e-8,-0.02497,4.2828e-7,-0.00035504
V2_pop,-4.9059e-7,4.7736e-10,-4.0097e-5,5.8937e-9,-1.7445e-7,-8.5111e-12,6.7067e-7,-5.7094e-11,9.3665e-8
omega_Cl,-0.00020698,-1.6294e-8,0.0024332,-1.7445e-7,0.0026609,2.104e-10,0.00014602,1.7586e-9,-9.1132e-6
omega_V1,6.6474e-10,-7.0156e-13,5.6104e-8,-8.5111e-12,2.104e-10,1.5375e-14,-4.4541e-10,8.3095e-14,-1.2837e-10
omega_Q,-0.0006128,4.9773e-8,-0.02497,6.7067e-7,0.00014602,-4.4541e-10,0.053759,-1.0245e-8,-0.00011344
omega_V2,4.3193e-9,-4.8379e-12,4.2828e-7,-5.7094e-11,1.7586e-9,8.3095e-14,-1.0245e-8,6.6194e-13,-8.0664e-10
b,7.7118e-5,7.8089e-9,-0.00035504,9.3665e-8,-9.1132e-6,-1.2837e-10,-0.00011344,-8.0664e-10,6.9888e-5
