Cl_pop,1,-0.0082792,0.028317,-0.011632,0.0024259,0.0012543,0.0058163,0.0027571,-0.00093095,-0.0090071,0.0050332
V1_pop,-0.0082792,1,-0.30644,0.96668,0.0003942,-0.0062727,0.059488,-0.17824,0.085285,-0.023728,0.08191
Q_pop,0.028317,-0.30644,1,-0.33044,0.0014932,-0.0046278,-0.044332,0.22801,-0.054416,-0.0016968,-0.079527
V2_pop,-0.011632,0.96668,-0.33044,1,-0.00083348,0.020494,0.089839,-0.21059,0.13016,-0.02047,0.10944
omega_Cl,0.0024259,0.0003942,0.0014932,-0.00083348,1,-0.0078243,-0.0096171,0.013641,-0.013438,0.025099,-0.039251
omega_V1,0.0012543,-0.0062727,-0.0046278,0.020494,-0.0078243,1,0.50443,-0.20774,0.94723,0.017488,-0.11324
corr_V2_V1,0.0058163,0.059488,-0.044332,0.089839,-0.0096171,0.50443,1,-0.19854,0.5412,-0.0094656,-0.021484
omega_Q,0.0027571,-0.17824,0.22801,-0.21059,0.013641,-0.20774,-0.19854,1,-0.26265,0.011098,-0.074656
omega_V2,-0.00093095,0.085285,-0.054416,0.13016,-0.013438,0.94723,0.5412,-0.26265,1,0.0031103,-0.093764
a1,-0.0090071,-0.023728,-0.0016968,-0.02047,0.025099,0.017488,-0.0094656,0.011098,0.0031103,1,-0.091686
a2,0.0050332,0.08191,-0.079527,0.10944,-0.039251,-0.11324,-0.021484,-0.074656,-0.093764,-0.091686,1
