Cl_pop,0.49629,-0.02174,0.057806,-0.040085,8.2976e-5,6.8424e-5,8.8126e-6,0.0003258,-5.6604e-5,-0.00014442,2.345e-5
V1_pop,-0.02174,13.893,-3.3098,17.625,7.134e-5,-0.0018104,0.00047689,-0.11144,0.027436,-0.002013,0.0020191
Q_pop,0.057806,-3.3098,8.3967,-4.6839,0.00021009,-0.0010384,-0.00027629,0.11083,-0.013609,-0.00011191,-0.0015241
V2_pop,-0.040085,17.625,-4.6839,23.929,-0.00019796,0.0077629,0.00094518,-0.1728,0.054953,-0.0022792,0.0035404
omega_Cl,8.2976e-5,7.134e-5,0.00021009,-0.00019796,0.0023575,-2.9417e-5,-1.0043e-6,0.0001111,-5.6316e-5,2.7738e-5,-1.2604e-5
omega_V1,6.8424e-5,-0.0018104,-0.0010384,0.0077629,-2.9417e-5,0.0059961,8.401e-5,-0.0026984,0.0063307,3.0822e-5,-5.7994e-5
corr_V2_V1,8.8126e-6,0.00047689,-0.00027629,0.00094518,-1.0043e-6,8.401e-5,4.6258e-6,-7.1629e-5,0.00010046,-4.6337e-7,-3.0559e-7
omega_Q,0.0003258,-0.11144,0.11083,-0.1728,0.0001111,-0.0026984,-7.1629e-5,0.028137,-0.0038026,4.2371e-5,-8.282e-5
omega_V2,-5.6604e-5,0.027436,-0.013609,0.054953,-5.6316e-5,0.0063307,0.00010046,-0.0038026,0.0074494,6.1102e-6,-5.3521e-5
a1,-0.00014442,-0.002013,-0.00011191,-0.0022792,2.7738e-5,3.0822e-5,-4.6337e-7,4.2371e-5,6.1102e-6,0.00051806,-1.3801e-5
a2,2.345e-5,0.0020191,-0.0015241,0.0035404,-1.2604e-5,-5.7994e-5,-3.0559e-7,-8.282e-5,-5.3521e-5,-1.3801e-5,4.3739e-5
