Cl_pop,2.44,0.0769,-2.25,-300,0,0,0,0,0,0,0
V1_pop,0.0769,2.69,-0.0783,-1.99,0,0,0,0,0,0,0
Q_pop,-2.25,-0.0783,2.34,285,0,0,0,0,0,0,0
V2_pop,-300,-1.99,285,3.92e+4,0,0,0,0,0,0,0
omega_Cl,0,0,0,0,0.0142,-2.17e-6,0.00284,-0.00101,-0.0152,-1.44e-7,-1.94e-6
omega_V1,0,0,0,0,-2.17e-6,0.00272,0.00143,2.31e-5,0.000112,-1.37e-6,-1.85e-5
corr_V2_V1,0,0,0,0,0.00284,0.00143,0.129,0.000203,-8.6e-5,-1.41e-6,-1.9e-5
omega_Q,0,0,0,0,-0.00101,2.31e-5,0.000203,0.00713,-0.000707,-5.18e-6,-6.97e-5
omega_V2,0,0,0,0,-0.0152,0.000112,-8.6e-5,-0.000707,0.0557,-1.58e-7,-2.13e-6
a1,0,0,0,0,-1.44e-7,-1.37e-6,-1.41e-6,-5.18e-6,-1.58e-7,0.000497,-4.1e-6
a2,0,0,0,0,-1.94e-6,-1.85e-5,-1.9e-5,-6.97e-5,-2.13e-6,-4.1e-6,5.29e-5
