Cl_pop,0.123,-0.016503,0.02277,-0.034386,-7.0092e-5,-8.7077e-5,1.7402e-6,0.0016288,-0.00043904,-7.1205e-5,1.6562e-5
V1_pop,-0.016503,3.6256,-0.95464,6.9959,-0.0013807,-0.015061,-0.00018859,-0.10459,0.0028781,-0.00049319,0.0016029
Q_pop,0.02277,-0.95464,1.8354,-1.8453,0.0012494,0.0023682,2.6878e-5,0.095599,-0.0075354,-0.00010759,-0.00082338
V2_pop,-0.034386,6.9959,-1.8453,14.676,-0.004456,-0.043254,-0.0017143,-0.22895,0.027694,-0.00092248,0.0036348
omega_Cl,-7.0092e-5,-0.0013807,0.0012494,-0.004456,0.0024024,9.9664e-6,1.6584e-7,0.0003257,-0.00013479,2.4747e-5,-1.55e-5
omega_V1,-8.7077e-5,-0.015061,0.0023682,-0.043254,9.9664e-6,0.0047455,5.1302e-5,-0.00041795,0.0052887,-5.4232e-6,-7.7265e-5
corr_V2_V1,1.7402e-6,-0.00018859,2.6878e-5,-0.0017143,1.6584e-7,5.1302e-5,4.6149e-6,2.0225e-5,4.2089e-5,1.0192e-7,8.5965e-7
omega_Q,0.0016288,-0.10459,0.095599,-0.22895,0.0003257,-0.00041795,2.0225e-5,0.034473,-0.0038778,4.8597e-5,-0.00019933
omega_V2,-0.00043904,0.0028781,-0.0075354,0.027694,-0.00013479,0.0052887,4.2089e-5,-0.0038778,0.0093585,3.2023e-5,-3.7244e-6
a1,-7.1205e-5,-0.00049319,-0.00010759,-0.00092248,2.4747e-5,-5.4232e-6,1.0192e-7,4.8597e-5,3.2023e-5,0.00051896,-1.5052e-5
a2,1.6562e-5,0.0016029,-0.00082338,0.0036348,-1.55e-5,-7.7265e-5,8.5965e-7,-0.00019933,-3.7244e-6,-1.5052e-5,5.0028e-5
