Cl_pop,0.12277,-0.01596,0.024579,-0.027482,-8.1181e-5,-0.00050017,-1.7357e-5,0.0011877,-0.00066899,-4.1593e-5,1.3173e-5
V1_pop,-0.01596,3.374,-0.89141,5.7783,-0.00063443,0.0073332,0.00036457,-0.050725,0.010432,-0.0012129,0.0012406
Q_pop,0.024579,-0.89141,1.9565,-1.5919,0.0011458,0.0066524,3.3943e-5,0.041822,0.010954,0.00089494,-0.0012971
V2_pop,-0.027482,5.7783,-1.5919,10.206,-0.0016226,-0.0039904,-3.1661e-5,-0.08408,-0.0001463,-0.002728,0.0027884
omega_Cl,-8.1181e-5,-0.00063443,0.0011458,-0.0016226,0.0023474,-0.00010823,-3.1621e-6,0.0001839,-0.00013664,2.4021e-5,-1.0987e-5
omega_V1,-0.00050017,0.0073332,0.0066524,-0.0039904,-0.00010823,0.010602,0.00028512,-0.004993,0.014293,8.6143e-5,-0.00011229
corr_V2_V1,-1.7357e-5,0.00036457,3.3943e-5,-3.1661e-5,-3.1621e-6,0.00028512,1.3627e-5,-0.00016181,0.00037085,2.6485e-6,-2.1575e-6
omega_Q,0.0011877,-0.050725,0.041822,-0.08408,0.0001839,-0.004993,-0.00016181,0.024032,-0.0067505,5.4925e-5,-6.8425e-5
omega_V2,-0.00066899,0.010432,0.010954,-0.0001463,-0.00013664,0.014293,0.00037085,-0.0067505,0.01964,0.00011926,-0.00015306
a1,-4.1593e-5,-0.0012129,0.00089494,-0.002728,2.4021e-5,8.6143e-5,2.6485e-6,5.4925e-5,0.00011926,0.00051846,-1.5923e-5
a2,1.3173e-5,0.0012406,-0.0012971,0.0027884,-1.0987e-5,-0.00011229,-2.1575e-6,-6.8425e-5,-0.00015306,-1.5923e-5,4.2237e-5
