Cl_pop,0.87234,-1.2221,0.38694,-40.443,-0.0031716,0.0015127,0.087397,0.052141,-0.3658,9.4453e-5,-0.0023596
V1_pop,-1.2221,20.357,-2.9748,165.24,-0.019321,0.04647,0.7726,-0.27788,1.1195,-0.0041297,0.012324
Q_pop,0.38694,-2.9748,4.1467,-39.48,0.0037105,0.010512,0.058647,0.1092,-0.25968,0.0012274,-0.0055032
V2_pop,-40.443,165.24,-39.48,4786.4,-0.34371,-0.1605,-9.953,-5.169,38.534,-0.030125,0.25051
omega_Cl,-0.0031716,-0.019321,0.0037105,-0.34371,0.0031168,-0.00019656,-0.0023881,0.00063173,-0.0032139,3.6598e-5,-3.8818e-5
omega_V1,0.0015127,0.04647,0.010512,-0.1605,-0.00019656,0.0044982,0.02246,-0.00069719,0.00085214,-1.2974e-6,-3.1458e-5
corr_V2_V1,0.087397,0.7726,0.058647,-9.953,-0.0023881,0.02246,0.3834,-0.0027698,-0.094428,-0.00021962,-0.0003296
omega_Q,0.052141,-0.27788,0.1092,-5.169,0.00063173,-0.00069719,-0.0027698,0.02225,-0.04847,0.00010294,-0.00049245
omega_V2,-0.3658,1.1195,-0.25968,38.534,-0.0032139,0.00085214,-0.094428,-0.04847,0.40977,-0.00021191,0.0021095
a1,9.4453e-5,-0.0041297,0.0012274,-0.030125,3.6598e-5,-1.2974e-6,-0.00021962,0.00010294,-0.00021191,0.00053838,-2.0883e-5
a2,-0.0023596,0.012324,-0.0055032,0.25051,-3.8818e-5,-3.1458e-5,-0.0003296,-0.00049245,0.0021095,-2.0883e-5,6.7095e-5
