Cl_pop,1,-0.207,-0.563,-0.127,-0.124,-0.416,0.236,nan,0.0846,0.284,0.296,nan,nan,-0.0354,-0.0442
beta_Cl_logtWTKG,-0.207,1,-0.243,0.297,0.218,0.519,-0.51,nan,0.0538,-0.418,-0.367,nan,nan,0.0125,0.109
beta_Cl_tCLCRMLMIN,-0.563,-0.243,1,-0.197,-0.303,-0.479,0.55,nan,-0.243,0.427,0.224,nan,nan,-0.0182,-0.034
V1_pop,-0.127,0.297,-0.197,1,0.0392,0.536,-0.417,nan,0.0172,-0.381,-0.361,nan,nan,0.00199,0.155
Q_pop,-0.124,0.218,-0.303,0.0392,1,0.446,-0.492,nan,0.138,-0.392,-0.251,nan,nan,0.0413,-0.0979
V2_pop,-0.416,0.519,-0.479,0.536,0.446,1,-0.878,nan,0.175,-0.781,-0.574,nan,nan,0.0515,0.111
omega_Cl,0.236,-0.51,0.55,-0.417,-0.492,-0.878,1,nan,-0.385,0.775,0.427,nan,nan,-0.0457,-0.103
corr_V1_Cl,nan,nan,nan,nan,nan,nan,nan,nan,nan,nan,nan,nan,nan,nan,nan
corr_V2_Cl,0.0846,0.0538,-0.243,0.0172,0.138,0.175,-0.385,nan,1,0.00971,0.572,nan,nan,0.0257,-0.0336
omega_V1,0.284,-0.418,0.427,-0.381,-0.392,-0.781,0.775,nan,0.00971,1,0.687,nan,nan,-0.0449,-0.109
corr_V2_V1,0.296,-0.367,0.224,-0.361,-0.251,-0.574,0.427,nan,0.572,0.687,1,nan,nan,-0.0318,-0.0947
omega_Q,nan,nan,nan,nan,nan,nan,nan,nan,nan,nan,nan,nan,nan,nan,nan
omega_V2,nan,nan,nan,nan,nan,nan,nan,nan,nan,nan,nan,nan,nan,nan,nan
a1,-0.0354,0.0125,-0.0182,0.00199,0.0413,0.0515,-0.0457,nan,0.0257,-0.0449,-0.0318,nan,nan,1,-0.13
a2,-0.0442,0.109,-0.034,0.155,-0.0979,0.111,-0.103,nan,-0.0336,-0.109,-0.0947,nan,nan,-0.13,1
