Cl_pop,0.0428,-0.0137,-0.0238,-0.00252,-0.0047,-0.105,0.00875,nan,0.00266,0.00573,0.0135,nan,nan,-0.000169,-6.72e-5
beta_Cl_logtWTKG,-0.0137,0.102,-0.0158,0.00911,0.0127,0.202,-0.0292,nan,0.00261,-0.013,-0.0259,nan,nan,9.18e-5,0.000255
beta_Cl_tCLCRMLMIN,-0.0238,-0.0158,0.0417,-0.00387,-0.0113,-0.119,0.0201,nan,-0.00752,0.00851,0.0101,nan,nan,-8.56e-5,-5.1e-5
V1_pop,-0.00252,0.00911,-0.00387,0.00926,0.000691,0.0629,-0.00721,nan,0.000252,-0.00358,-0.00766,nan,nan,4.4e-6,0.000109
Q_pop,-0.0047,0.0127,-0.0113,0.000691,0.0335,0.0995,-0.0162,nan,0.00382,-0.00701,-0.0101,nan,nan,0.000174,-0.000132
V2_pop,-0.105,0.202,-0.119,0.0629,0.0995,1.49,-0.192,nan,0.0323,-0.093,-0.155,nan,nan,0.00144,0.000991
omega_Cl,0.00875,-0.0292,0.0201,-0.00721,-0.0162,-0.192,0.0322,nan,-0.0105,0.0136,0.0169,nan,nan,-0.000189,-0.000136
corr_V1_Cl,nan,nan,nan,nan,nan,nan,nan,nan,nan,nan,nan,nan,nan,nan,nan
corr_V2_Cl,0.00266,0.00261,-0.00752,0.000252,0.00382,0.0323,-0.0105,nan,0.023,0.000144,0.0192,nan,nan,8.99e-5,-3.75e-5
omega_V1,0.00573,-0.013,0.00851,-0.00358,-0.00701,-0.093,0.0136,nan,0.000144,0.00952,0.0148,nan,nan,-0.000101,-7.81e-5
corr_V2_V1,0.0135,-0.0259,0.0101,-0.00766,-0.0101,-0.155,0.0169,nan,0.0192,0.0148,0.0487,nan,nan,-0.000161,-0.000154
omega_Q,nan,nan,nan,nan,nan,nan,nan,nan,nan,nan,nan,nan,nan,nan,nan
omega_V2,nan,nan,nan,nan,nan,nan,nan,nan,nan,nan,nan,nan,nan,nan,nan
a1,-0.000169,9.18e-5,-8.56e-5,4.4e-6,0.000174,0.00144,-0.000189,nan,8.99e-5,-0.000101,-0.000161,nan,nan,0.00053,-2.21e-5
a2,-6.72e-5,0.000255,-5.1e-5,0.000109,-0.000132,0.000991,-0.000136,nan,-3.75e-5,-7.81e-5,-0.000154,nan,nan,-2.21e-5,5.4e-5
