Cl_pop,0.50388,-0.16195,0.17127,-1.5089,-0.00014911,-0.0016085,0.016157,0.0042319,-0.031902,-0.00037832,0.00015421
V1_pop,-0.16195,15.334,-3.9769,33.121,-0.0047502,0.024979,-0.027923,-0.20033,0.33528,-0.0020841,0.0033565
Q_pop,0.17127,-3.9769,6.9111,-14.415,0.0043675,-0.011846,0.0882,0.12604,-0.26021,-6.3393e-5,-0.0018419
V2_pop,-1.5089,33.121,-14.415,205.43,-0.034513,0.17314,-1.472,-0.30413,3.0974,0.021639,-0.0082118
omega_Cl,-0.00014911,-0.0047502,0.0043675,-0.034513,0.0024616,-6.8538e-5,0.00010952,0.00018267,-0.00081662,2.4806e-5,-1.5819e-5
omega_V1,-0.0016085,0.024979,-0.011846,0.17314,-6.8538e-5,0.0039759,0.0031154,-0.0018898,0.0071159,3.1418e-5,-1.3651e-5
corr_V2_V1,0.016157,-0.027923,0.0882,-1.472,0.00010952,0.0031154,0.050825,-0.0041192,-0.026945,-0.00058827,0.00048091
omega_Q,0.0042319,-0.20033,0.12604,-0.30413,0.00018267,-0.0018898,-0.0041192,0.029438,-0.010475,0.00010556,-0.00016023
omega_V2,-0.031902,0.33528,-0.26021,3.0974,-0.00081662,0.0071159,-0.026945,-0.010475,0.078867,0.0004763,-0.00020811
a1,-0.00037832,-0.0020841,-6.3393e-5,0.021639,2.4806e-5,3.1418e-5,-0.00058827,0.00010556,0.0004763,0.00053823,-2.5972e-5
a2,0.00015421,0.0033565,-0.0018419,-0.0082118,-1.5819e-5,-1.3651e-5,0.00048091,-0.00016023,-0.00020811,-2.5972e-5,4.9617e-5
