Cl_pop,1,0.42241,0.013265,0.13495,0.052902,-0.40967,-0.039524,0.030896,0.13491,-0.0069122,-0.086447,0.086954
beta_Cl_logtCLCRMLMIN,0.42241,1,-0.013102,0.31401,0.085573,-0.98086,-0.081719,0.076303,0.33027,0.0027837,-0.17167,0.16166
V1_pop,0.013265,-0.013102,1,-0.016719,0.94507,0.014946,-0.038296,-0.020387,-0.035042,-0.051661,-0.028288,0.049534
Q_pop,0.13495,0.31401,-0.016719,1,0.14911,-0.33327,-0.18669,-0.073993,0.85443,-0.014562,-0.2084,0.1305
V2_pop,0.052902,0.085573,0.94507,0.14911,1,-0.088186,-0.070482,0.097407,0.16266,-0.0073126,-0.067546,0.086484
omega_Cl,-0.40967,-0.98086,0.014946,-0.33327,-0.088186,1,0.084641,-0.078547,-0.34984,-0.0043378,0.18077,-0.17
omega_V1,-0.039524,-0.081719,-0.038296,-0.18669,-0.070482,0.084641,1,0.38134,-0.17863,0.95544,0.056374,-0.077855
corr_V2_V1,0.030896,0.076303,-0.020387,-0.073993,0.097407,-0.078547,0.38134,1,-0.031802,0.45609,-0.016817,0.051254
omega_Q,0.13491,0.33027,-0.035042,0.85443,0.16266,-0.34984,-0.17863,-0.031802,1,0.013991,-0.2127,0.10857
omega_V2,-0.0069122,0.0027837,-0.051661,-0.014562,-0.0073126,-0.0043378,0.95544,0.45609,0.013991,1,0.015108,-0.047821
a1,-0.086447,-0.17167,-0.028288,-0.2084,-0.067546,0.18077,0.056374,-0.016817,-0.2127,0.015108,1,-0.20988
a2,0.086954,0.16166,0.049534,0.1305,0.086484,-0.17,-0.077855,0.051254,0.10857,-0.047821,-0.20988,1
