Cl_pop,0.00445,0.000155,0.000344,5.66e-7,nan,-1.15e-5,-1.22e-5,-0.000358,-7.15e-5,-4.98e-5,2.26e-5
V1_pop,0.000155,0.00151,-0.0028,-0.000199,nan,-8.02e-5,-5.18e-5,-0.00305,-0.000927,-0.000186,5.55e-5
Q_pop,0.000344,-0.0028,0.0764,0.00144,nan,0.000299,0.000716,0.0063,0.00222,0.000263,-6.66e-5
V2_pop,5.66e-7,-0.000199,0.00144,0.00392,nan,0.000154,0.00102,0.00188,0.000877,5.24e-5,-3.85e-5
p_pop,nan,nan,nan,nan,nan,nan,nan,nan,nan,nan,nan
omega_Cl,-1.15e-5,-8.02e-5,0.000299,0.000154,nan,0.0023,6.34e-5,0.000337,8.55e-5,7.94e-5,-4.63e-5
omega_V1,-1.22e-5,-5.18e-5,0.000716,0.00102,nan,6.34e-5,0.000879,0.000911,0.000163,-4.92e-6,-3.14e-5
omega_Q,-0.000358,-0.00305,0.0063,0.00188,nan,0.000337,0.000911,0.0535,0.00262,0.000342,-0.000203
omega_V2,-7.15e-5,-0.000927,0.00222,0.000877,nan,8.55e-5,0.000163,0.00262,0.00154,0.000147,-4.3e-5
a1,-4.98e-5,-0.000186,0.000263,5.24e-5,nan,7.94e-5,-4.92e-6,0.000342,0.000147,0.000576,-6.16e-5
a2,2.26e-5,5.55e-5,-6.66e-5,-3.85e-5,nan,-4.63e-5,-3.14e-5,-0.000203,-4.3e-5,-6.16e-5,0.000104
