Cl_pop,0.50434,-0.034927,0.069781,-0.14062,-8.1251e-5,-0.00041615,-0.00053309,0.0024458,-0.00030935,-0.00031806,0.00022528
V1_pop,-0.034927,10.528,-2.7209,4.9758,0.0043599,0.0049877,0.02718,-0.18956,0.0040603,0.0027317,-0.0035455
Q_pop,0.069781,-2.7209,6.8998,-4.9544,-0.0029779,-0.0043403,-0.029306,0.16333,-0.0080948,-0.0049431,0.0046474
V2_pop,-0.14062,4.9758,-4.9544,21.124,0.0090013,0.01793,0.086374,-0.29526,0.042158,0.019156,-0.019256
p_pop,-8.1251e-5,0.0043599,-0.0029779,0.0090013,0.0017835,6.0919e-6,5.5412e-5,-0.00021445,3.2882e-6,6.3056e-6,-6.5459e-6
omega_Cl,-0.00041615,0.0049877,-0.0043403,0.01793,6.0919e-6,0.0024808,5.4402e-5,-0.00024363,2.0707e-5,5.0571e-5,-3.2735e-5
omega_V1,-0.00053309,0.02718,-0.029306,0.086374,5.5412e-5,5.4402e-5,0.0033064,-0.0020987,0.00031079,0.0001012,-0.0001025
omega_Q,0.0024458,-0.18956,0.16333,-0.29526,-0.00021445,-0.00024363,-0.0020987,0.035517,-0.00012768,-0.00018223,0.0001872
omega_V2,-0.00030935,0.0040603,-0.0080948,0.042158,3.2882e-6,2.0707e-5,0.00031079,-0.00012768,0.00076785,4.5574e-5,-6.1935e-5
a1,-0.00031806,0.0027317,-0.0049431,0.019156,6.3056e-6,5.0571e-5,0.0001012,-0.00018223,4.5574e-5,0.00048384,-3.8068e-5
a2,0.00022528,-0.0035455,0.0046474,-0.019256,-6.5459e-6,-3.2735e-5,-0.0001025,0.0001872,-6.1935e-5,-3.8068e-5,6.222e-5
