Cl_pop,0.48948,-0.0096288,0.048753,-0.017108,-0.00035076,-1.7895e-5,-7.6102e-6,0.00032467,6.4686e-5,-0.00014185,3.697e-5
V1_pop,-0.0096288,12.317,-1.5719,16.187,0.00014845,0.019858,0.00010056,-0.031799,0.038178,-0.0016155,0.00085989
Q_pop,0.048753,-1.5719,5.2509,-1.9648,0.00056642,0.0052967,0.00015647,0.019281,0.0047371,-4.4679e-5,-0.00066917
V2_pop,-0.017108,16.187,-1.9648,22.813,0.00081812,0.034488,0.0008849,-0.034377,0.067738,-0.0009271,0.00053024
omega_Cl,-0.00035076,0.00014845,0.00056642,0.00081812,0.0023229,-1.9646e-6,1.441e-6,7.3411e-5,3.1679e-6,2.5472e-5,-1.2213e-5
omega_V1,-1.7895e-5,0.019858,0.0052967,0.034488,-1.9646e-6,0.0049475,5.9714e-5,-0.00090183,0.0057816,3.3615e-5,-4.9617e-5
corr_V2_V1,-7.6102e-6,0.00010056,0.00015647,0.0008849,1.441e-6,5.9714e-5,3.7541e-6,-8.1996e-6,6.7862e-5,1.818e-6,-1.7656e-6
omega_Q,0.00032467,-0.031799,0.019281,-0.034377,7.3411e-5,-0.00090183,-8.1996e-6,0.017882,-0.00094809,3.5472e-5,-4.6239e-5
omega_V2,6.4686e-5,0.038178,0.0047371,0.067738,3.1679e-6,0.0057816,6.7862e-5,-0.00094809,0.007156,2.5512e-5,-5.1438e-5
a1,-0.00014185,-0.0016155,-4.4679e-5,-0.0009271,2.5472e-5,3.3615e-5,1.818e-6,3.5472e-5,2.5512e-5,0.00050271,-1.4251e-5
a2,3.697e-5,0.00085989,-0.00066917,0.00053024,-1.2213e-5,-4.9617e-5,-1.7656e-6,-4.6239e-5,-5.1438e-5,-1.4251e-5,3.8193e-5
