Cl_pop,1,0.116,-0.00104,0.031,0.00745,0,0,0,0,0,0,0
beta_Cl_logtCLCRMLMIN,0.116,1,0.00461,-0.00182,0.0105,0,0,0,0,0,0,0
V1_pop,-0.00104,0.00461,1,-0.208,0.658,0,0,0,0,0,0,0
Q_pop,0.031,-0.00182,-0.208,1,-0.0979,0,0,0,0,0,0,0
V2_pop,0.00745,0.0105,0.658,-0.0979,1,0,0,0,0,0,0,0
omega_Cl,0,0,0,0,0,1,0.000147,-0.00221,-0.000291,0.000765,-0.00016,-0.00751
omega_V1,0,0,0,0,0,0.000147,1,0.011,-0.0463,0.433,-0.000741,-0.0347
corr_V2_V1,0,0,0,0,0,-0.00221,0.011,1,0.0344,-0.46,0.00775,0.363
omega_Q,0,0,0,0,0,-0.000291,-0.0463,0.0344,1,-0.0307,-0.00233,-0.109
omega_V2,0,0,0,0,0,0.000765,0.433,-0.46,-0.0307,1,-0.00405,-0.19
a1,0,0,0,0,0,-0.00016,-0.000741,0.00775,-0.00233,-0.00405,1,-0.0139
a2,0,0,0,0,0,-0.00751,-0.0347,0.363,-0.109,-0.19,-0.0139,1
