Cl_pop,0.0891,0.00844,-0.000562,0.0115,0.00502,0,0,0,0,0,0,0
beta_Cl_logtCLCRMLMIN,0.00844,0.0594,0.00204,-0.00055,0.00578,0,0,0,0,0,0,0
V1_pop,-0.000562,0.00204,3.29,-0.467,2.69,0,0,0,0,0,0,0
Q_pop,0.0115,-0.00055,-0.467,1.54,-0.274,0,0,0,0,0,0,0
V2_pop,0.00502,0.00578,2.69,-0.274,5.1,0,0,0,0,0,0,0
omega_Cl,0,0,0,0,0,0.0016,3.96e-7,-2.06e-5,-1.84e-6,3.55e-6,-1.42e-7,-2.02e-6
omega_V1,0,0,0,0,0,3.96e-7,0.00449,0.000172,-0.000488,0.00336,-1.1e-6,-1.56e-5
corr_V2_V1,0,0,0,0,0,-2.06e-5,0.000172,0.0539,0.00126,-0.0124,3.99e-5,0.000565
omega_Q,0,0,0,0,0,-1.84e-6,-0.000488,0.00126,0.0248,-0.00056,-8.14e-6,-0.000115
omega_V2,0,0,0,0,0,3.55e-6,0.00336,-0.0124,-0.00056,0.0134,-1.04e-5,-0.000147
a1,0,0,0,0,0,-1.42e-7,-1.1e-6,3.99e-5,-8.14e-6,-1.04e-5,0.000491,-2.06e-6
a2,0,0,0,0,0,-2.02e-6,-1.56e-5,0.000565,-0.000115,-0.000147,-2.06e-6,4.5e-5
