Cl_pop,1,0.014183,0.029971,-0.042281,0,0,0,0,0
V1_pop,0.014183,1,-0.20192,0.24875,0,0,0,0,0
Q_pop,0.029971,-0.20192,1,-0.10602,0,0,0,0,0
V2_pop,-0.042281,0.24875,-0.10602,1,0,0,0,0,0
omega_Cl,0,0,0,0,1,0.00073477,-0.00044166,-0.0032771,-0.0080866
omega_V1,0,0,0,0,0.00073477,1,-0.015013,-0.010031,-0.26764
omega_Q,0,0,0,0,-0.00044166,-0.015013,1,0.010763,-0.059637
omega_V2,0,0,0,0,-0.0032771,-0.010031,0.010763,1,-0.27253
b,0,0,0,0,-0.0080866,-0.26764,-0.059637,-0.27253,1
