Cl_pop,0.123,0.000474,0.00821,-0.0179,0,0,0,0,0,0,0
V1_pop,0.000474,2.68,-0.237,3.77,0,0,0,0,0,0,0
Q_pop,0.00821,-0.237,1.54,-0.25,0,0,0,0,0,0,0
V2_pop,-0.0179,3.77,-0.25,13,0,0,0,0,0,0,0
omega_Cl,0,0,0,0,0.00232,4.05e-9,-3.47e-6,-1.25e-6,-8.61e-7,-7.64e-8,-1.42e-6
omega_V1,0,0,0,0,4.05e-9,0.00376,0.00056,-0.000179,0.00378,-7.3e-7,-1.36e-5
corr_V2_V1,0,0,0,0,-3.47e-6,0.00056,0.0475,0.00113,-0.0114,2.31e-5,0.000431
omega_Q,0,0,0,0,-1.25e-6,-0.000179,0.00113,0.023,-0.000326,-2.67e-6,-4.97e-5
omega_V2,0,0,0,0,-8.61e-7,0.00378,-0.0114,-0.000326,0.0205,-7.04e-6,-0.000131
a1,0,0,0,0,-7.64e-8,-7.3e-7,2.31e-5,-2.67e-6,-7.04e-6,0.000495,-2.27e-6
a2,0,0,0,0,-1.42e-6,-1.36e-5,0.000431,-4.97e-5,-0.000131,-2.27e-6,3.96e-5
