Cl_pop,1,0.019851,0.037665,-0.020721,-0.0017394,0.013806,-0.0048788,0.0015574,0.010324
V1_pop,0.019851,1,0.039568,-0.74908,0.048752,0.56871,-0.011502,0.11863,-0.11911
Q_pop,0.037665,0.039568,1,-0.040524,0.011721,0.05504,-0.018165,0.015718,0.0044899
V2_pop,-0.020721,-0.74908,-0.040524,1,-0.063671,-0.45434,-0.00045683,0.046278,0.1446
omega_Cl,-0.0017394,0.048752,0.011721,-0.063671,1,0.027348,0.01477,0.00012197,-0.025701
omega_V1,0.013806,0.56871,0.05504,-0.45434,0.027348,1,-0.030277,0.28524,-0.079524
omega_Q,-0.0048788,-0.011502,-0.018165,-0.00045683,0.01477,-0.030277,1,-0.03081,-0.060787
omega_V2,0.0015574,0.11863,0.015718,0.046278,0.00012197,0.28524,-0.03081,1,0.015072
b,0.010324,-0.11911,0.0044899,0.1446,-0.025701,-0.079524,-0.060787,0.015072,1
