Cl_pop,0.00319,0.00157,2.04e-5,0.000332,-5.39e-5,2.42e-5,-4.73e-5,-1.12e-5,-1.28e-5,-7.86e-7,-1.21e-5,5.22e-6
beta_Cl_logtCLCRMLMIN,0.00157,0.0593,-0.000345,0.000191,0.000431,-0.000113,0.00026,9.95e-5,0.000757,-0.00041,7.07e-5,-2.59e-5
V1_pop,2.04e-5,-0.000345,0.00902,-0.00473,0.00498,0.000521,-0.00173,-0.000499,-0.00519,0.00182,-9.28e-5,7.78e-5
Q_pop,0.000332,0.000191,-0.00473,0.0469,-0.00293,-0.000139,-0.000712,0.000151,0.0115,-0.00236,5.34e-5,-8.56e-5
V2_pop,-5.39e-5,0.000431,0.00498,-0.00293,0.00903,-0.000546,0.00151,0.000529,0.00162,-0.00206,2.22e-6,-1.15e-6
omega_Cl,2.42e-5,-0.000113,0.000521,-0.000139,-0.000546,0.00175,-0.000442,-0.000139,-0.00086,0.000505,3.73e-6,5.21e-6
omega_V1,-4.73e-5,0.00026,-0.00173,-0.000712,0.00151,-0.000442,0.0063,0.000492,0.000538,0.00338,6.17e-5,-6.37e-5
corr_V2_V1,-1.12e-5,9.95e-5,-0.000499,0.000151,0.000529,-0.000139,0.000492,0.00014,0.000813,-0.000426,1.2e-5,-1.02e-5
omega_Q,-1.28e-5,0.000757,-0.00519,0.0115,0.00162,-0.00086,0.000538,0.000813,0.0326,-0.0059,0.00012,-0.000141
omega_V2,-7.86e-7,-0.00041,0.00182,-0.00236,-0.00206,0.000505,0.00338,-0.000426,-0.0059,0.00721,-9.99e-6,1.22e-5
a1,-1.21e-5,7.07e-5,-9.28e-5,5.34e-5,2.22e-6,3.73e-6,6.17e-5,1.2e-5,0.00012,-9.99e-6,0.000516,-1.45e-5
a2,5.22e-6,-2.59e-5,7.78e-5,-8.56e-5,-1.15e-6,5.21e-6,-6.37e-5,-1.02e-5,-0.000141,1.22e-5,-1.45e-5,4.07e-5
