Cl_pop,0.12416,-0.008296,0.019488,-0.017055,-8.9681e-5,-6.0861e-5,-5.2037e-6,0.00047527,-0.00017559,-6.9905e-5,3.101e-5
V1_pop,-0.008296,3.0896,-0.64082,3.7519,-0.0014556,-0.01248,0.00027108,-0.047126,0.0051119,-0.0016942,0.0015804
Q_pop,0.019488,-0.64082,3.0907,-2.8768,-0.0024319,0.0030032,0.00020799,0.047221,0.03704,-0.0027482,0.0013128
V2_pop,-0.017055,3.7519,-2.8768,11.726,0.010414,-0.026526,-0.0013526,0.033306,-0.14526,0.008167,-0.0054903
omega_Cl,-8.9681e-5,-0.0014556,-0.0024319,0.010414,0.0023733,-5.6597e-5,-3.7254e-6,0.00032241,-0.00034748,3.9539e-5,-2.1476e-5
omega_V1,-6.0861e-5,-0.01248,0.0030032,-0.026526,-5.6597e-5,0.0057921,7.6477e-5,-0.0019108,0.0067805,2.8015e-5,-3.5757e-5
corr_V2_V1,-5.2037e-6,0.00027108,0.00020799,-0.0013526,-3.7254e-6,7.6477e-5,6.3609e-6,-6.6853e-5,0.00013262,-1.3922e-6,1.1996e-6
omega_Q,0.00047527,-0.047126,0.047221,0.033306,0.00032241,-0.0019108,-6.6853e-5,0.031279,-0.0049757,0.0001873,-0.0002175
omega_V2,-0.00017559,0.0051119,0.03704,-0.14526,-0.00034748,0.0067805,0.00013262,-0.0049757,0.011386,-0.00018307,0.00010924
a1,-6.9905e-5,-0.0016942,-0.0027482,0.008167,3.9539e-5,2.8015e-5,-1.3922e-6,0.0001873,-0.00018307,0.00052899,-2.5026e-5
a2,3.101e-5,0.0015804,0.0013128,-0.0054903,-2.1476e-5,-3.5757e-5,1.1996e-6,-0.0002175,0.00010924,-2.5026e-5,5.1615e-5
