Cl_pop,0.00478,-0.000374,0.000841,-0.00331,-0.000102,-0.000292,0.00137,-0.00548,6.67e-5,-4.93e-5,2.17e-5
V1_pop,-0.000374,0.00618,-0.00513,0.00776,0.00016,0.00116,-0.00544,0.0104,0.000118,-5.58e-5,-5.68e-6
Q_pop,0.000841,-0.00513,0.0434,-0.0112,-0.000203,-0.000327,0.00813,0.00298,-0.000242,0.000104,-7.39e-5
V2_pop,-0.00331,0.00776,-0.0112,0.0743,0.00129,0.00439,-0.0201,0.0884,4.68e-5,0.000145,-0.000248
omega_Cl,-0.000102,0.00016,-0.000203,0.00129,0.00251,8.38e-5,-0.00027,0.00144,-0.000169,9.43e-5,-1.64e-5
omega_V1,-0.000292,0.00116,-0.000327,0.00439,8.38e-5,0.00342,-0.00394,0.0123,-0.000152,9.38e-5,-5.24e-5
omega_Q,0.00137,-0.00544,0.00813,-0.0201,-0.00027,-0.00394,0.0343,-0.0469,4.67e-5,-7.86e-5,0.000109
omega_V2,-0.00548,0.0104,0.00298,0.0884,0.00144,0.0123,-0.0469,0.222,-0.000356,0.000511,-0.000717
a1,6.67e-5,0.000118,-0.000242,4.68e-5,-0.000169,-0.000152,4.67e-5,-0.000356,0.00462,-0.00172,2.19e-5
b1,-4.93e-5,-5.58e-5,0.000104,0.000145,9.43e-5,9.38e-5,-7.86e-5,0.000511,-0.00172,0.000727,-1.43e-5
b2,2.17e-5,-5.68e-6,-7.39e-5,-0.000248,-1.64e-5,-5.24e-5,0.000109,-0.000717,2.19e-5,-1.43e-5,1.07e-5
