Cl_pop,1,0.065555,0.03225,-0.095254,0.00060583,0.049051,0.033937,-0.089653,-0.0048487
V1_pop,0.065555,1,0.03576,-0.4975,0.011239,0.87123,0.29287,-0.60189,-0.17253
Q_pop,0.03225,0.03576,1,0.016269,0.011923,0.035186,-0.010865,0.0021471,0.015659
V2_pop,-0.095254,-0.4975,0.016269,1,-0.010967,-0.35741,-0.31845,0.7879,0.2031
omega_Cl,0.00060583,0.011239,0.011923,-0.010967,1,0.013144,0.019024,-0.018702,-0.016512
omega_V1,0.049051,0.87123,0.035186,-0.35741,0.013144,1,0.25462,-0.51149,-0.15229
omega_Q,0.033937,0.29287,-0.010865,-0.31845,0.019024,0.25462,1,-0.36276,-0.13048
omega_V2,-0.089653,-0.60189,0.0021471,0.7879,-0.018702,-0.51149,-0.36276,1,0.21825
b,-0.0048487,-0.17253,0.015659,0.2031,-0.016512,-0.15229,-0.13048,0.21825,1
