Cl_pop,1,0.00223,0.0317,0.0074,-0.00548,0.00748,0.0149,0.0163,0.00582
V1_pop,0.00223,1,-0.216,-0.0649,0.0132,0.0463,-0.232,-0.0805,0.0332
Q_pop,0.0317,-0.216,1,0.0383,-0.00806,-0.0101,0.21,0.0693,-0.0283
V2_pop,0.0074,-0.0649,0.0383,1,0.004,-0.00495,0.145,0.737,-0.122
omega_Cl,-0.00548,0.0132,-0.00806,0.004,1,-0.00255,-0.00724,-0.00777,-0.0208
omega_V1,0.00748,0.0463,-0.0101,-0.00495,-0.00255,1,-0.0218,-0.00418,-0.0583
omega_Q,0.0149,-0.232,0.21,0.145,-0.00724,-0.0218,1,0.128,-0.0626
omega_V2,0.0163,-0.0805,0.0693,0.737,-0.00777,-0.00418,0.128,1,-0.076
b,0.00582,0.0332,-0.0283,-0.122,-0.0208,-0.0583,-0.0626,-0.076,1
