Cl_pop,0.00502,1.17e-5,0.000459,4.2e-11,-1.99e-5,3.02e-5,0.000174,4.41e-11,9.69e-7
V1_pop,1.17e-5,0.00544,-0.00326,-3.83e-10,5.02e-5,0.000195,-0.00282,-2.26e-10,5.74e-6
Q_pop,0.000459,-0.00326,0.042,6.28e-10,-8.48e-5,-0.000118,0.00707,5.41e-10,-1.36e-5
V2_pop,4.2e-11,-3.83e-10,6.28e-10,6.43e-15,1.65e-11,-2.27e-11,1.92e-9,2.25e-15,-2.3e-11
omega_Cl,-1.99e-5,5.02e-5,-8.48e-5,1.65e-11,0.00264,-7.5e-6,-6.13e-5,-1.52e-11,-2.51e-6
omega_V1,3.02e-5,0.000195,-0.000118,-2.27e-11,-7.5e-6,0.00326,-0.000205,-9.09e-12,-7.83e-6
omega_Q,0.000174,-0.00282,0.00707,1.92e-9,-6.13e-5,-0.000205,0.0271,8.01e-10,-2.42e-5
omega_V2,4.41e-11,-2.26e-10,5.41e-10,2.25e-15,-1.52e-11,-9.09e-12,8.01e-10,1.45e-15,-6.8e-12
b,9.69e-7,5.74e-6,-1.36e-5,-2.3e-11,-2.51e-6,-7.83e-6,-2.42e-5,-6.8e-12,5.51e-6
