Cl_pop,0.49552,-0.082559,0.097975,-0.12118,-0.00021921,-0.0019591,-0.00012475,0.0039604,-0.0026795,-0.00011221,2.6608e-5
V1_pop,-0.082559,15.536,-4.236,25.984,-0.0019119,0.083045,0.004859,-0.19321,0.11403,-0.0021846,0.0031537
Q_pop,0.097975,-4.236,7.7947,-7.1611,0.0018443,-0.04107,-0.0028845,0.14443,-0.058018,0.0010678,-0.0026653
V2_pop,-0.12118,25.984,-7.1611,45.831,-0.0027305,0.085473,0.0035833,-0.28214,0.12524,-0.0050297,0.007139
omega_Cl,-0.00021921,-0.0019119,0.0018443,-0.0027305,0.0024654,-0.00012086,-5.364e-6,0.00020184,-0.00016311,2.4704e-5,-1.026e-5
omega_V1,-0.0019591,0.083045,-0.04107,0.085473,-0.00012086,0.0091501,0.00033424,-0.0064938,0.01237,3.5982e-5,-4.0609e-5
corr_V2_V1,-0.00012475,0.004859,-0.0028845,0.0035833,-5.364e-6,0.00033424,2.2774e-5,-0.00032904,0.00044292,2.1272e-6,-1.2577e-6
omega_Q,0.0039604,-0.19321,0.14443,-0.28214,0.00020184,-0.0064938,-0.00032904,0.030576,-0.0089977,4.5548e-5,-0.00011234
omega_V2,-0.0026795,0.11403,-0.058018,0.12524,-0.00016311,0.01237,0.00044292,-0.0089977,0.017025,3.6771e-5,-4.5861e-5
a1,-0.00011221,-0.0021846,0.0010678,-0.0050297,2.4704e-5,3.5982e-5,2.1272e-6,4.5548e-5,3.6771e-5,0.00051357,-1.5245e-5
a2,2.6608e-5,0.0031537,-0.0026653,0.007139,-1.026e-5,-4.0609e-5,-1.2577e-6,-0.00011234,-4.5861e-5,-1.5245e-5,4.2499e-5
