Cl_pop,0.12412,-0.0044843,0.013724,-0.0094074,-0.00014448,-8.0448e-5,-1.1072e-6,0.0001549,-9.5499e-5,-6.7651e-5,2.364e-5
V1_pop,-0.0044843,3.0887,-0.69509,4.4577,-0.00063848,-0.0068552,-0.00043111,-0.028418,-0.0085684,-0.0010976,0.0013786
Q_pop,0.013724,-0.69509,1.9184,-1.2037,0.0012434,0.0049478,0.00032203,0.028142,0.0070099,0.00030254,-0.0010753
V2_pop,-0.0094074,4.4577,-1.2037,7.7458,-0.0052115,-0.0022394,-0.0025941,-0.065794,-0.011369,-0.0022481,0.0025609
omega_Cl,-0.00014448,-0.00063848,0.0012434,-0.0052115,0.0023833,-9.6225e-5,1.2927e-5,0.00019582,-3.3148e-5,2.9188e-5,-1.056e-5
omega_V1,-8.0448e-5,-0.0068552,0.0049478,-0.0022394,-9.6225e-5,0.0052672,-2.5761e-5,-0.0013573,0.0057107,7.6822e-6,-6.3974e-5
corr_V2_V1,-1.1072e-6,-0.00043111,0.00032203,-0.0025941,1.2927e-5,-2.5761e-5,1.2093e-5,3.5697e-5,3.7453e-5,5.5594e-6,-1.5888e-6
omega_Q,0.0001549,-0.028418,0.028142,-0.065794,0.00019582,-0.0013573,3.5697e-5,0.024143,-0.0015577,5.006e-5,-6.3193e-5
omega_V2,-9.5499e-5,-0.0085684,0.0070099,-0.011369,-3.3148e-5,0.0057107,3.7453e-5,-0.0015577,0.00679,3.4662e-5,-7.9811e-5
a1,-6.7651e-5,-0.0010976,0.00030254,-0.0022481,2.9188e-5,7.6822e-6,5.5594e-6,5.006e-5,3.4662e-5,0.00052366,-1.3023e-5
a2,2.364e-5,0.0013786,-0.0010753,0.0025609,-1.056e-5,-6.3974e-5,-1.5888e-6,-6.3193e-5,-7.9811e-5,-1.3023e-5,3.9604e-5
