Cl_pop,0.0222,0.000372,-0.00347,-0.0119,-0.004,0.000131,0.000371,-0.000151
V1_pop,0.000372,0.00503,-0.000383,-0.000121,-3.54e-05,7.67e-05,-0.000187,7.36e-05
Q_pop,-0.00347,-0.000383,0.00562,0.00655,0.00281,-0.000316,0.000492,-0.000181
V2_pop,-0.0119,-0.000121,0.00655,0.024,0.00685,-0.000187,-0.00094,0.000391
omega_Cl,-0.004,-3.54e-05,0.00281,0.00685,0.0116,-1.58e-05,8.5e-05,-4.43e-05
omega_V1,0.000131,7.67e-05,-0.000316,-0.000187,-1.58e-05,0.00296,0.000285,-0.000127
a,0.000371,-0.000187,0.000492,-0.00094,8.5e-05,0.000285,0.00142,-0.000558
b,-0.000151,7.36e-05,-0.000181,0.000391,-4.43e-05,-0.000127,-0.000558,0.000229
