Cl_pop,1,0.062549,0.046142,-0.073781,-0.0047207,0.058506,-0.0082094,0.066515,-0.00039775
V1_pop,0.062549,1,0.10594,-0.5376,-0.0075042,0.94948,0.017926,0.49098,-0.099926
Q_pop,0.046142,0.10594,1,-0.12374,0.010354,0.097379,-0.024143,0.11322,-0.012946
V2_pop,-0.073781,-0.5376,-0.12374,1,-0.015469,-0.50164,0.065019,-0.90399,0.19825
omega_Cl,-0.0047207,-0.0075042,0.010354,-0.015469,1,-0.0063601,0.013919,0.0099148,-0.022313
omega_V1,0.058506,0.94948,0.097379,-0.50164,-0.0063601,1,0.025196,0.48133,-0.094745
omega_Q,-0.0082094,0.017926,-0.024143,0.065019,0.013919,0.025196,1,-0.053857,-0.047775
omega_V2,0.066515,0.49098,0.11322,-0.90399,0.0099148,0.48133,-0.053857,1,-0.17645
b,-0.00039775,-0.099926,-0.012946,0.19825,-0.022313,-0.094745,-0.047775,-0.17645,1
