Cl_pop,1,-0.007838,-0.57908,-0.72571,-0.36195,0.035983,0.18344,0.34629,0.072647,-0.047948,-0.027967
V1_pop,-0.007838,1,-0.034401,0.052678,-7.1857e-5,-0.0034334,-0.035207,-0.058319,-0.015587,-0.044244,0.089483
Q_pop,-0.57908,-0.034401,1,0.53017,0.16339,-0.033554,-0.057933,-0.078121,0.040427,0.032396,-0.064157
V2_pop,-0.72571,0.052678,0.53017,1,0.23064,-0.037663,-0.12261,-0.30859,-0.095667,0.03022,0.053374
omega_Cl,-0.36195,-7.1857e-5,0.16339,0.23064,1,-0.0016492,-0.45224,-0.27611,-0.18797,0.052374,-0.036073
omega_V1,0.035983,-0.0034334,-0.033554,-0.037663,-0.0016492,1,0.060886,0.050413,0.025401,0.036904,-0.10641
corr_V2_V1,0.18344,-0.035207,-0.057933,-0.12261,-0.45224,0.060886,1,0.33936,0.11862,0.017589,-0.068721
omega_Q,0.34629,-0.058319,-0.078121,-0.30859,-0.27611,0.050413,0.33936,1,-0.023594,0.043419,-0.28543
omega_V2,0.072647,-0.015587,0.040427,-0.095667,-0.18797,0.025401,0.11862,-0.023594,1,-0.015341,-0.0090245
a1,-0.047948,-0.044244,0.032396,0.03022,0.052374,0.036904,0.017589,0.043419,-0.015341,1,-0.19083
a2,-0.027967,0.089483,-0.064157,0.053374,-0.036073,-0.10641,-0.068721,-0.28543,-0.0090245,-0.19083,1
