Cl_pop,1,-0.019484,0.0531,-0.024471,-0.0095348,-0.0001044,0.023846,0.019225,0.0035758,-0.0093603,0.01099
V1_pop,-0.019484,1,-0.33085,0.9722,-0.011417,0.26365,0.25446,-0.28147,0.28241,-0.034857,0.076255
Q_pop,0.0531,-0.33085,1,-0.33747,0.0059205,-0.028211,0.057177,0.22755,-0.01188,-0.0053518,-0.049007
V2_pop,-0.024471,0.9722,-0.33747,1,-0.0080018,0.18898,0.10056,-0.26318,0.19341,-0.019827,0.068721
omega_Cl,-0.0095348,-0.011417,0.0059205,-0.0080018,1,-0.028153,-0.022048,0.024031,-0.02854,0.019226,-0.027461
omega_V1,-0.0001044,0.26365,-0.028211,0.18898,-0.028153,1,0.5962,-0.35778,0.98293,-0.027967,-0.0078342
corr_V2_V1,0.023846,0.25446,0.057177,0.10056,-0.022048,0.5962,1,-0.17536,0.67239,-0.070363,0.101
omega_Q,0.019225,-0.28147,0.22755,-0.26318,0.024031,-0.35778,-0.17536,1,-0.33322,0.021163,-0.079447
omega_V2,0.0035758,0.28241,-0.01188,0.19341,-0.02854,0.98293,0.67239,-0.33322,1,-0.037524,0.0081711
a1,-0.0093603,-0.034857,-0.0053518,-0.019827,0.019226,-0.027967,-0.070363,0.021163,-0.037524,1,-0.094497
a2,0.01099,0.076255,-0.049007,0.068721,-0.027461,-0.0078342,0.101,-0.079447,0.0081711,-0.094497,1
