Cl_pop,0.2762,-0.0068612,-0.17223,-28.704,-0.019419,0.00099272,0.041283,0.015754,0.0079785,-0.00058918,-0.0001357
V1_pop,-0.0068612,2.7744,-0.032428,6.6035,-1.2219e-5,-0.00030021,-0.025112,-0.0084086,-0.0054254,-0.0017231,0.0013761
Q_pop,-0.17223,-0.032428,0.32028,22.581,0.0094401,-0.00099684,-0.01404,-0.003827,0.0047811,0.00042866,-0.00033523
V2_pop,-28.704,6.6035,22.581,5664.1,1.772,-0.1488,-3.9515,-2.0104,-1.5046,0.053177,0.037088
omega_Cl,-0.019419,-1.2219e-5,0.0094401,1.772,0.010422,-8.8382e-6,-0.01977,-0.00244,-0.00401,0.00012501,-3.4001e-5
omega_V1,0.00099272,-0.00030021,-0.00099684,-0.1488,-8.8382e-6,0.0027557,0.0013686,0.00022908,0.00027865,4.5295e-5,-5.1577e-5
corr_V2_V1,0.041283,-0.025112,-0.01404,-3.9515,-0.01977,0.0013686,0.18337,0.012579,0.010615,0.0001761,-0.0002717
omega_Q,0.015754,-0.0084086,-0.003827,-2.0104,-0.00244,0.00022908,0.012579,0.0074932,-0.0004268,8.7876e-5,-0.00022813
omega_V2,0.0079785,-0.0054254,0.0047811,-1.5046,-0.00401,0.00027865,0.010615,-0.0004268,0.043671,-7.4955e-5,-1.7412e-5
a1,-0.00058918,-0.0017231,0.00042866,0.053177,0.00012501,4.5295e-5,0.0001761,8.7876e-5,-7.4955e-5,0.00054667,-4.1196e-5
a2,-0.0001357,0.0013761,-0.00033523,0.037088,-3.4001e-5,-5.1577e-5,-0.0002717,-0.00022813,-1.7412e-5,-4.1196e-5,8.5245e-5
