Cl_pop,0.49009,-0.053767,0.10126,-0.1172,-0.0003241,-6.7482e-6,8.1514e-5,0.0022364,0.00035614,-0.00014908,4.8768e-5
V1_pop,-0.053767,15.539,-3.5525,26.219,-0.0021852,0.095958,0.0048978,-0.18437,0.15837,-0.003126,0.0019053
Q_pop,0.10126,-3.5525,7.4199,-6.2892,0.00078304,-0.0070952,0.00076049,0.10299,-0.0046039,-0.00033166,-0.00084616
V2_pop,-0.1172,26.219,-6.2892,46.808,-0.0026581,0.11938,0.0033592,-0.2992,0.18825,-0.0030862,0.0029802
omega_Cl,-0.0003241,-0.0021852,0.00078304,-0.0026581,0.0023575,-0.00012621,-5.2272e-6,0.00019388,-0.00019715,2.1238e-5,-8.4515e-6
omega_V1,-6.7482e-6,0.095958,-0.0070952,0.11938,-0.00012621,0.0085253,0.00026879,-0.0054892,0.012912,-5.8748e-5,-4.5851e-6
corr_V2_V1,8.1514e-5,0.0048978,0.00076049,0.0033592,-5.2272e-6,0.00026879,2.3842e-5,-0.00014228,0.00046708,-7.8165e-6,3.1261e-6
omega_Q,0.0022364,-0.18437,0.10299,-0.2992,0.00019388,-0.0054892,-0.00014228,0.02761,-0.0078771,8.0004e-5,-8.3677e-5
omega_V2,0.00035614,0.15837,-0.0046039,0.18825,-0.00019715,0.012912,0.00046708,-0.0078771,0.02024,-0.00012145,7.3686e-6
a1,-0.00014908,-0.003126,-0.00033166,-0.0030862,2.1238e-5,-5.8748e-5,-7.8165e-6,8.0004e-5,-0.00012145,0.0005176,-1.3627e-5
a2,4.8768e-5,0.0019053,-0.00084616,0.0029802,-8.4515e-6,-4.5851e-6,3.1261e-6,-8.3677e-5,7.3686e-6,-1.3627e-5,4.0179e-5
