Cl_pop,1,0.007322,0.036482,-0.021947,-0.0013831,-0.018113,-0.0083409,-0.017167,0.0099586
V1_pop,0.007322,1,0.018073,-0.28991,0.036936,-0.36378,-0.053362,-0.28706,-0.041716
Q_pop,0.036482,0.018073,1,-0.049963,0.016352,-0.040787,-0.014982,-0.029675,0.0001687
V2_pop,-0.021947,-0.28991,-0.049963,1,-0.10126,0.91613,0.16789,0.79087,0.08808
omega_Cl,-0.0013831,0.036936,0.016352,-0.10126,1,-0.099814,-0.0023135,-0.086094,-0.027344
omega_V1,-0.018113,-0.36378,-0.040787,0.91613,-0.099814,1,0.15907,0.76687,0.090162
omega_Q,-0.0083409,-0.053362,-0.014982,0.16789,-0.0023135,0.15907,1,0.14109,-0.041143
omega_V2,-0.017167,-0.28706,-0.029675,0.79087,-0.086094,0.76687,0.14109,1,0.086233
b,0.0099586,-0.041716,0.0001687,0.08808,-0.027344,0.090162,-0.041143,0.086233,1
