Cl_pop,1,-0.343,0.586,nan,0.742,nan,0.798,0.174,-0.41,-0.439,-0.659,-0.907,-0.195
V1_pop,-0.343,1,-0.391,nan,-0.317,nan,-0.342,0.0361,0.23,0.208,0.303,0.367,0.189
Q2_pop,0.586,-0.391,1,nan,0.628,nan,0.572,-0.0183,-0.559,-0.358,-0.624,-0.598,-0.251
V2_pop,nan,nan,nan,nan,nan,nan,nan,nan,nan,nan,nan,nan,nan
Q3_pop,0.742,-0.317,0.628,nan,1,nan,0.676,0.15,-0.683,-0.421,-0.86,-0.751,-0.134
V3_pop,nan,nan,nan,nan,nan,nan,nan,nan,nan,nan,nan,nan,nan
omega_Cl,0.798,-0.342,0.572,nan,0.676,nan,1,0.138,-0.378,-0.373,-0.606,-0.818,-0.215
omega_V1,0.174,0.0361,-0.0183,nan,0.15,nan,0.138,1,-0.0452,-0.0528,-0.0964,-0.191,-0.0134
omega_Q2,-0.41,0.23,-0.559,nan,-0.683,nan,-0.378,-0.0452,1,0.228,0.674,0.427,0.114
omega_V2,-0.439,0.208,-0.358,nan,-0.421,nan,-0.373,-0.0528,0.228,1,0.365,0.292,0.0648
omega_Q3,-0.659,0.303,-0.624,nan,-0.86,nan,-0.606,-0.0964,0.674,0.365,1,0.673,0.109
omega_V3,-0.907,0.367,-0.598,nan,-0.751,nan,-0.818,-0.191,0.427,0.292,0.673,1,0.219
a,-0.195,0.189,-0.251,nan,-0.134,nan,-0.215,-0.0134,0.114,0.0648,0.109,0.219,1
