Cl_pop,nan,nan,nan,nan,nan,nan,nan,nan,nan,nan,nan,nan,nan
V1_pop,nan,16.655,0.007767,17.977,-1.4392e-8,1.7009e-7,-0.0064327,0.018193,-0.081073,-0.059431,1.7632e-9,-1.8294e-8,0.0022425
Q2_pop,nan,0.007767,2.4461,-31.243,2.0612e-9,9.0895e-8,-0.005214,0.0014279,-0.027591,-0.10986,-1.8823e-9,2.5389e-9,-0.00094551
V2_pop,nan,17.977,-31.243,39300,-1.0772e-8,-2.6938e-6,0.13263,-0.17918,2.4478,4.9685,7.8824e-8,5.0242e-9,-0.023029
Q3_pop,nan,-1.4392e-8,2.0612e-9,-1.0772e-8,4.0959e-16,-1.1122e-15,3.3145e-11,-2.0494e-10,5.3531e-10,9.3173e-10,-1.1585e-16,3.2015e-16,-1.081e-11
V3_pop,nan,1.7009e-7,9.0895e-8,-2.6938e-6,-1.1122e-15,4.1086e-14,-1.053e-9,1.5993e-9,-9.3726e-9,-1.8212e-8,-1.2624e-15,-1.9799e-15,1.2324e-10
omega_Cl,nan,-0.0064327,-0.005214,0.13263,3.3145e-11,-1.053e-9,6.3478e-5,-9.7773e-5,0.00046034,0.00078899,-5.5305e-12,6.5463e-11,1.628e-6
omega_V1,nan,0.018193,0.0014279,-0.17918,-2.0494e-10,1.5993e-9,-9.7773e-5,0.0029056,-0.00035652,-0.0022636,1.6014e-10,-2.5994e-10,-3.7322e-5
omega_Q2,nan,-0.081073,-0.027591,2.4478,5.3531e-10,-9.3726e-9,0.00046034,-0.00035652,0.01556,0.0068623,1.2249e-10,1.0295e-9,-0.00023417
omega_V2,nan,-0.059431,-0.10986,4.9685,9.3173e-10,-1.8212e-8,0.00078899,-0.0022636,0.0068623,0.080674,-1.9778e-10,7.585e-10,-1.2637e-5
omega_Q3,nan,1.7632e-9,-1.8823e-9,7.8824e-8,-1.1585e-16,-1.2624e-15,-5.5305e-12,1.6014e-10,1.2249e-10,-1.9778e-10,5.5284e-16,-8.0526e-18,-2.8947e-11
omega_V3,nan,-1.8294e-8,2.5389e-9,5.0242e-9,3.2015e-16,-1.9799e-15,6.5463e-11,-2.5994e-10,1.0295e-9,7.585e-10,-8.0526e-18,1.4098e-15,-3.0749e-11
a,nan,0.0022425,-0.00094551,-0.023029,-1.081e-11,1.2324e-10,1.628e-6,-3.7322e-5,-0.00023417,-1.2637e-5,-2.8947e-11,-3.0749e-11,0.00011943
