Cl_pop,1,0.00523,0.0361,-0.0453,0,0,0,0
V1_pop,0.00523,1,-0.15,0.201,0,0,0,0
Q_pop,0.0361,-0.15,1,-0.212,0,0,0,0
V2_pop,-0.0453,0.201,-0.212,1,0,0,0,0
omega_Cl,0,0,0,0,1,0.000209,-0.000328,-0.00692
omega_V1,0,0,0,0,0.000209,1,-0.015,-0.0933
omega_Q,0,0,0,0,-0.000328,-0.015,1,-0.0772
b,0,0,0,0,-0.00692,-0.0933,-0.0772,1
