Cl_pop,1,-0.0064486,0.026751,-0.0094778,-0.0088787,0.0073136,0.0070576,-0.004412,0.0070988,-0.00591,0.00023844
V1_pop,-0.0064486,1,-0.21268,0.83468,-0.0041772,-0.039898,-0.028009,-0.041826,-0.029378,-0.035532,0.077996
Q_pop,0.026751,-0.21268,1,-0.52317,0.074561,0.64666,0.66163,-0.30591,0.65572,0.19352,-0.56331
V2_pop,-0.0094778,0.83468,-0.52317,1,-0.061628,-0.50886,-0.5376,0.21072,-0.50731,-0.16839,0.47043
omega_Cl,-0.0088787,-0.0041772,0.074561,-0.061628,1,0.10171,0.11065,-0.048844,0.1037,0.054802,-0.11243
omega_V1,0.0073136,-0.039898,0.64666,-0.50886,0.10171,1,0.93856,-0.52638,0.99385,0.26709,-0.74899
corr_V2_V1,0.0070576,-0.028009,0.66163,-0.5376,0.11065,0.93856,1,-0.51766,0.96057,0.27765,-0.7863
omega_Q,-0.004412,-0.041826,-0.30591,0.21072,-0.048844,-0.52638,-0.51766,1,-0.53282,-0.13564,0.35854
omega_V2,0.0070988,-0.029378,0.65572,-0.50731,0.1037,0.99385,0.96057,-0.53282,1,0.2697,-0.7602
a1,-0.00591,-0.035532,0.19352,-0.16839,0.054802,0.26709,0.27765,-0.13564,0.2697,1,-0.27875
a2,0.00023844,0.077996,-0.56331,0.47043,-0.11243,-0.74899,-0.7863,0.35854,-0.7602,-0.27875,1
