Cl_pop,0.12075,-0.010871,0.024848,-0.026704,-9.1286e-5,0.00042666,2.1937e-5,-0.00030594,0.00089478,-6.8397e-5,4.9545e-6
V1_pop,-0.010871,3.8,-1.0564,6.2685,-2.1124e-5,-0.023228,-4.1984e-5,-0.01297,-0.030033,-0.0016753,0.0013595
Q_pop,0.024848,-1.0564,2.5984,-2.5352,4.3009e-5,0.04058,0.0014985,-0.019261,0.081871,-0.0001623,-0.00175
V2_pop,-0.026704,6.2685,-2.5352,11.712,-0.00025634,-0.066782,-0.0019773,0.027724,-0.12505,-0.00077024,0.0032223
omega_Cl,-9.1286e-5,-2.1124e-5,4.3009e-5,-0.00025634,0.0022595,-6.5916e-5,-3.1345e-6,0.0001078,-0.00011561,2.3734e-5,-8.7822e-6
omega_V1,0.00042666,-0.023228,0.04058,-0.066782,-6.5916e-5,0.0068386,0.00010579,-0.0025585,0.010271,-8.6258e-6,-7.816e-5
corr_V2_V1,2.1937e-5,-4.1984e-5,0.0014985,-0.0019773,-3.1345e-6,0.00010579,7.1442e-6,-0.00013121,0.00023096,-4.8658e-6,-1.8475e-6
omega_Q,-0.00030594,-0.01297,-0.019261,0.027724,0.0001078,-0.0025585,-0.00013121,0.020191,-0.0056992,0.00014602,-4.5582e-6
omega_V2,0.00089478,-0.030033,0.081871,-0.12505,-0.00011561,0.010271,0.00023096,-0.0056992,0.017097,-9.8605e-5,-0.0001295
a1,-6.8397e-5,-0.0016753,-0.0001623,-0.00077024,2.3734e-5,-8.6258e-6,-4.8658e-6,0.00014602,-9.8605e-5,0.00052263,-1.1673e-5
a2,4.9545e-6,0.0013595,-0.00175,0.0032223,-8.7822e-6,-7.816e-5,-1.8475e-6,-4.5582e-6,-0.0001295,-1.1673e-5,3.8216e-5
