Cl_pop,1,-0.11471,-0.9731,0.016509,-0.10939,0.026624,0.1127,0.040651,nan,-0.036748,0.051878,0.030368,-0.061876
beta_Cl_logtWTKG,-0.11471,1,0.17762,-0.098737,0.66577,-0.19935,-0.98489,-0.16618,nan,0.32889,-0.22491,-0.35149,0.51582
beta_Cl_tCLCRMLMIN,-0.9731,0.17762,1,-0.016832,0.14354,-0.032557,-0.17374,-0.050504,nan,0.055629,-0.065093,-0.05271,0.093728
V1_pop,0.016509,-0.098737,-0.016832,1,-0.14342,0.95387,0.1011,0.055814,nan,-0.050492,0.055615,0.028421,-0.06057
Q_pop,-0.10939,0.66577,0.14354,-0.14342,1,-0.24908,-0.67974,-0.25902,nan,0.3945,-0.35029,-0.37593,0.60649
V2_pop,0.026624,-0.19935,-0.032557,0.95387,-0.24908,1,0.20366,0.00042638,nan,-0.25463,0.016906,0.10362,-0.18002
omega_Cl,0.1127,-0.98489,-0.17374,0.1011,-0.67974,0.20366,1,0.17116,nan,-0.33698,0.23189,0.35621,-0.52638
omega_V1,0.040651,-0.16618,-0.050504,0.055814,-0.25902,0.00042638,0.17116,1,nan,0.018024,0.96357,0.062704,-0.16753
corr_V2_V1,nan,nan,nan,nan,nan,nan,nan,nan,nan,nan,nan,nan,nan
omega_Q,-0.036748,0.32889,0.055629,-0.050492,0.3945,-0.25463,-0.33698,0.018024,nan,1,-0.096433,-0.20624,0.44933
omega_V2,0.051878,-0.22491,-0.065093,0.055615,-0.35029,0.016906,0.23189,0.96357,nan,-0.096433,1,0.080551,-0.23307
a1,0.030368,-0.35149,-0.05271,0.028421,-0.37593,0.10362,0.35621,0.062704,nan,-0.20624,0.080551,1,-0.3548
a2,-0.061876,0.51582,0.093728,-0.06057,0.60649,-0.18002,-0.52638,-0.16753,nan,0.44933,-0.23307,-0.3548,1
