Cl_pop,3.0251,-0.52303,-0.4959,0.1062,-2.0082e-7,0.1146,0.055078,0.0048648,nan,-1.9003e-9,0.0055776,0.0013296,-0.0011362
beta_Cl_logtWTKG,-0.52303,6.8726,0.13643,-0.95733,1.8422e-6,-1.2934,-0.7255,-0.029974,nan,2.5634e-8,-0.036447,-0.023195,0.014276
beta_Cl_tCLCRMLMIN,-0.4959,0.13643,0.085847,-0.01824,4.4391e-8,-0.023607,-0.014303,-0.0010181,nan,4.8459e-10,-0.0011789,-0.00038876,0.00028993
V1_pop,0.1062,-0.95733,-0.01824,13.678,-5.5989e-7,8.7308,0.10507,0.014203,nan,-5.552e-9,0.012715,0.0026459,-0.002365
Q_pop,-2.0082e-7,1.8422e-6,4.4391e-8,-5.5989e-7,1.1141e-12,-6.5064e-7,-2.016e-7,-1.8811e-8,nan,1.238e-14,-2.2855e-8,-9.9884e-9,6.7585e-9
V2_pop,0.1146,-1.2934,-0.023607,8.7308,-6.5064e-7,6.1247,0.14162,7.2603e-5,nan,-1.8735e-8,0.0025863,0.0064551,-0.0047034
omega_Cl,0.055078,-0.7255,-0.014303,0.10507,-2.016e-7,0.14162,0.078955,0.0033092,nan,-2.8152e-9,0.0040278,0.0025195,-0.0015615
omega_V1,0.0048648,-0.029974,-0.0010181,0.014203,-1.8811e-8,7.2603e-5,0.0033092,0.0047341,nan,3.6869e-11,0.0040982,0.0001086,-0.0001217
corr_V2_V1,nan,nan,nan,nan,nan,nan,nan,nan,nan,nan,nan,nan,nan
omega_Q,-1.9003e-9,2.5634e-8,4.8459e-10,-5.552e-9,1.238e-14,-1.8735e-8,-2.8152e-9,3.6869e-11,nan,8.8392e-16,-1.7723e-10,-1.5435e-10,1.4104e-10
omega_V2,0.0055776,-0.036447,-0.0011789,0.012715,-2.2855e-8,0.0025863,0.0040278,0.0040982,nan,-1.7723e-10,0.0038212,0.00012534,-0.00015211
a1,0.0013296,-0.023195,-0.00038876,0.0026459,-9.9884e-9,0.0064551,0.0025195,0.0001086,nan,-1.5435e-10,0.00012534,0.00063363,-9.4291e-5
a2,-0.0011362,0.014276,0.00028993,-0.002365,6.7585e-9,-0.0047034,-0.0015615,-0.0001217,nan,1.4104e-10,-0.00015211,-9.4291e-5,0.00011146
