Cl_pop,0.18309,0.26807,0.025561,nan,0.017016,-0.042498,-0.0010715,-0.0002351,-1.7828e-9,-0.0016179,-0.0007395,0.00031396
beta_Cl_logtCLCRMLMIN,0.26807,2.4386,0.022134,nan,0.072312,-0.39175,-0.0089726,-0.0020181,-5.3389e-9,-0.010325,-0.0046226,0.002152
V1_pop,0.025561,0.022134,3.7755,nan,1.5762,-0.0026389,-0.001623,0.00042407,-2.0831e-8,-0.0083174,-0.0029856,0.0011264
Q_pop,nan,nan,nan,nan,nan,nan,nan,nan,nan,nan,nan,nan
V2_pop,0.017016,0.072312,1.5762,nan,0.80899,-0.011455,-0.0064684,-0.0016299,-6.3198e-9,-0.0055234,-0.0019003,0.00061929
omega_Cl,-0.042498,-0.39175,-0.0026389,nan,-0.011455,0.065856,0.0014747,0.00033204,8.0783e-10,0.0016831,0.0007899,-0.00036991
omega_V1,-0.0010715,-0.0089726,-0.001623,nan,-0.0064684,0.0014747,0.0048458,0.00026303,4.7319e-12,0.0030911,0.00011021,-8.1785e-5
corr_V2_V1,-0.0002351,-0.0020181,0.00042407,nan,-0.0016299,0.00033204,0.00026303,6.4865e-5,1.7271e-11,0.00020676,2.6244e-5,-1.3631e-5
omega_Q,-1.7828e-9,-5.3389e-9,-2.0831e-8,nan,-6.3198e-9,8.0783e-10,4.7319e-12,1.7271e-11,2.664e-15,7.1985e-10,1.9709e-10,-3.7036e-11
omega_V2,-0.0016179,-0.010325,-0.0083174,nan,-0.0055234,0.0016831,0.0030911,0.00020676,7.1985e-10,0.0025327,0.00019535,-0.0001033
a1,-0.0007395,-0.0046226,-0.0029856,nan,-0.0019003,0.0007899,0.00011021,2.6244e-5,1.9709e-10,0.00019535,0.00057115,-5.1273e-5
a2,0.00031396,0.002152,0.0011264,nan,0.00061929,-0.00036991,-8.1785e-5,-1.3631e-5,-3.7036e-11,-0.0001033,-5.1273e-5,7.7062e-5
