Cl_pop,1,0.002391,0.037221,-0.016618,-0.0035662,0.0057876,-0.0058115,-0.0078906,0.014187
V1_pop,0.002391,1,0.015328,0.11696,0.0035635,0.41593,-0.030344,-0.292,0.013109
Q_pop,0.037221,0.015328,1,-0.058672,0.010803,0.032921,-0.020344,-0.03052,0.011091
V2_pop,-0.016618,0.11696,-0.058672,1,-0.0082263,-0.06872,0.03663,0.34242,-0.016451
omega_Cl,-0.0035662,0.0035635,0.010803,-0.0082263,1,0.015222,0.014893,0.0063275,-0.013249
omega_V1,0.0057876,0.41593,0.032921,-0.06872,0.015222,1,-0.10649,-0.11714,0.065519
omega_Q,-0.0058115,-0.030344,-0.020344,0.03663,0.014893,-0.10649,1,0.037071,-0.067519
omega_V2,-0.0078906,-0.292,-0.03052,0.34242,0.0063275,-0.11714,0.037071,1,-0.0098742
b,0.014187,0.013109,0.011091,-0.016451,-0.013249,0.065519,-0.067519,-0.0098742,1
