Cl_pop,0.5196,5.729e-9,0.074083,-2.8164e-6,-0.00013087,3.1522e-10,-0.00096984,-1.5138e-8,8.3819e-5
V1_pop,5.729e-9,1.1049e-11,1.4068e-7,9.1404e-11,6.0305e-10,1.0447e-13,-2.3351e-8,-2.5832e-12,3.5714e-10
Q_pop,0.074083,1.4068e-7,7.6241,-3.8089e-5,0.0015186,6.8685e-9,-0.013005,-2.2429e-7,0.00025099
V2_pop,-2.8164e-6,9.1404e-11,-3.8089e-5,5.5278e-8,-9.8468e-8,-1.2208e-12,1.9938e-6,2.1427e-10,-3.1701e-8
omega_Cl,-0.00013087,6.0305e-10,0.0015186,-9.8468e-8,0.002592,5.8557e-11,0.00017554,8.5737e-10,-5.5285e-6
omega_V1,3.1522e-10,1.0447e-13,6.8685e-9,-1.2208e-12,5.8557e-11,5.7092e-15,-1.8629e-9,-2.3556e-14,4.0575e-11
omega_Q,-0.00096984,-2.3351e-8,-0.013005,1.9938e-6,0.00017554,-1.8629e-9,0.053599,2.2842e-8,-0.00012812
omega_V2,-1.5138e-8,-2.5832e-12,-2.2429e-7,2.1427e-10,8.5737e-10,-2.3556e-14,2.2842e-8,7.0834e-12,-2.1539e-10
b,8.3819e-5,3.5714e-10,0.00025099,-3.1701e-8,-5.5285e-6,4.0575e-11,-0.00012812,-2.1539e-10,6.7175e-5
