Cl_pop,0.52292,3.8596e-6,0.08921,-2.4791e-6,-0.00020116,2.1296e-7,-0.0008508,-3.6248e-8,9.2084e-5
V1_pop,3.8596e-6,1.6528e-7,9.913e-5,-7.5399e-9,2.7031e-7,1.3736e-9,-6.1517e-6,-1.5225e-10,4.9361e-8
Q_pop,0.08921,9.913e-5,7.7507,-4.1752e-5,0.001121,3.8734e-6,-0.013238,-6.2925e-7,0.00041017
V2_pop,-2.4791e-6,-7.5399e-9,-4.1752e-5,5.5912e-9,3.1209e-8,-4.4799e-10,6.2264e-7,7.5297e-11,-2.6386e-8
omega_Cl,-0.00020116,2.7031e-7,0.001121,3.1209e-8,0.0026115,-1.3592e-9,0.00016279,3.3336e-10,-6.2107e-6
omega_V1,2.1296e-7,1.3736e-9,3.8734e-6,-4.4799e-10,-1.3592e-9,5.626e-11,-7.8295e-8,-6.7268e-12,2.7372e-9
omega_Q,-0.0008508,-6.1517e-6,-0.013238,6.2264e-7,0.00016279,-7.8295e-8,0.05429,8.6285e-9,-0.00012174
omega_V2,-3.6248e-8,-1.5225e-10,-6.2925e-7,7.5297e-11,3.3336e-10,-6.7268e-12,8.6285e-9,1.163e-12,-3.5525e-10
b,9.2084e-5,4.9361e-8,0.00041017,-2.6386e-8,-6.2107e-6,2.7372e-9,-0.00012174,-3.5525e-10,6.7882e-5
