Cl_pop,1,0.00565,0.0343,-0.0425,0,0,0,0
V1_pop,0.00565,1,-0.144,0.189,0,0,0,0
Q_pop,0.0343,-0.144,1,-0.196,0,0,0,0
V2_pop,-0.0425,0.189,-0.196,1,0,0,0,0
omega_Cl,0,0,0,0,1,0.000225,-0.000306,-0.00713
omega_V1,0,0,0,0,0.000225,1,-0.0157,-0.0894
omega_Q,0,0,0,0,-0.000306,-0.0157,1,-0.0727
b,0,0,0,0,-0.00713,-0.0894,-0.0727,1
