Cl_pop,0.00495,2.84e-05,0.000482,-0.000408,0,0,0,0
V1_pop,2.84e-05,0.00509,-0.00205,0.00183,0,0,0,0
Q_pop,0.000482,-0.00205,0.0399,-0.00533,0,0,0,0
V2_pop,-0.000408,0.00183,-0.00533,0.0186,0,0,0,0
omega_Cl,0,0,0,0,0.00251,6.23e-07,-2.32e-06,-8.55e-07
omega_V1,0,0,0,0,6.23e-07,0.00306,-0.000132,-1.18e-05
omega_Q,0,0,0,0,-2.32e-06,-0.000132,0.0229,-2.63e-05
b,0,0,0,0,-8.55e-07,-1.18e-05,-2.63e-05,5.73e-06
