Cl_pop,1,-0.0014,0.0219,-0.0326,0,0,0,0,0,0,0
V1_pop,-0.0014,1,-0.1,0.507,0,0,0,0,0,0,0
Q_pop,0.0219,-0.1,1,-0.0995,0,0,0,0,0,0,0
V2_pop,-0.0326,0.507,-0.0995,1,0,0,0,0,0,0,0
omega_Cl,0,0,0,0,1,8.11e-5,0.00072,-0.000143,-0.000796,-6.81e-5,-0.00458
omega_V1,0,0,0,0,8.11e-5,1,0.0626,-0.0133,0.276,-0.000492,-0.0331
corr_V2_V1,0,0,0,0,0.00072,0.0626,1,0.019,-0.573,0.00429,0.289
omega_Q,0,0,0,0,-0.000143,-0.0133,0.019,1,-0.023,-0.00076,-0.0511
omega_V2,0,0,0,0,-0.000796,0.276,-0.573,-0.023,1,-0.0026,-0.175
a1,0,0,0,0,-6.81e-5,-0.000492,0.00429,-0.00076,-0.0026,1,-0.017
a2,0,0,0,0,-0.00458,-0.0331,0.289,-0.0511,-0.175,-0.017,1
