Cl_pop,0.124,-0.000815,0.00899,-0.0458,0,0,0,0,0,0,0
V1_pop,-0.000815,2.72,-0.193,3.34,0,0,0,0,0,0,0
Q_pop,0.00899,-0.193,1.36,-0.463,0,0,0,0,0,0,0
V2_pop,-0.0458,3.34,-0.463,15.9,0,0,0,0,0,0,0
omega_Cl,0,0,0,0,0.00236,2.38e-7,1.73e-5,-1.06e-6,-6.75e-6,-7.39e-8,-1.4e-6
omega_V1,0,0,0,0,2.38e-7,0.00366,0.00187,-0.000123,0.00291,-6.63e-7,-1.26e-5
corr_V2_V1,0,0,0,0,1.73e-5,0.00187,0.243,0.00143,-0.0494,4.73e-5,0.000896
omega_Q,0,0,0,0,-1.06e-6,-0.000123,0.00143,0.0233,-0.000613,-2.59e-6,-4.91e-5
omega_V2,0,0,0,0,-6.75e-6,0.00291,-0.0494,-0.000613,0.0305,-1.01e-5,-0.000192
a1,0,0,0,0,-7.39e-8,-6.63e-7,4.73e-5,-2.59e-6,-1.01e-5,0.000498,-2.39e-6
a2,0,0,0,0,-1.4e-6,-1.26e-5,0.000896,-4.91e-5,-0.000192,-2.39e-6,3.96e-5
