Cl_pop,1,-0.00067029,0.039148,-0.027242,-0.0054793,-0.0079689,-0.0013246,-0.024069,0.010542
V1_pop,-0.00067029,1,-0.0022967,-0.15475,0.0074003,0.40298,-0.034537,0.28718,0.030857
Q_pop,0.039148,-0.0022967,1,-0.057956,0.0090889,-0.02873,-0.015265,-0.060532,0.00044172
V2_pop,-0.027242,-0.15475,-0.057956,1,-0.019774,0.010148,-0.064452,0.48021,0.070653
omega_Cl,-0.0054793,0.0074003,0.0090889,-0.019774,1,-0.0024457,0.016058,-0.005883,-0.017165
omega_V1,-0.0079689,0.40298,-0.02873,0.010148,-0.0024457,1,-0.066642,0.52423,0.075976
omega_Q,-0.0013246,-0.034537,-0.015265,-0.064452,0.016058,-0.066642,1,-0.077482,-0.068112
omega_V2,-0.024069,0.28718,-0.060532,0.48021,-0.005883,0.52423,-0.077482,1,0.09082
b,0.010542,0.030857,0.00044172,0.070653,-0.017165,0.075976,-0.068112,0.09082,1
