Cl_pop,1,-0.009,-0.000431,0.0471,0.00132,0.0154,0.0176,0.049,-0.033
V1_pop,-0.009,1,-0.308,0.103,-0.00632,-0.0743,-0.283,0.00963,-0.0117
Q_pop,-0.000431,-0.308,1,-0.153,0.00112,0.0205,0.0658,-0.1,0.0937
V2_pop,0.0471,0.103,-0.153,1,0.0151,0.231,0.246,0.922,-0.684
omega_Cl,0.00132,-0.00632,0.00112,0.0151,1,0.000752,0.011,0.023,-0.0154
omega_V1,0.0154,-0.0743,0.0205,0.231,0.000752,1,0.158,0.259,-0.24
omega_Q,0.0176,-0.283,0.0658,0.246,0.011,0.158,1,0.338,-0.258
omega_V2,0.049,0.00963,-0.1,0.922,0.023,0.259,0.338,1,-0.697
a,-0.033,-0.0117,0.0937,-0.684,-0.0154,-0.24,-0.258,-0.697,1
