Cl_pop,1,-0.211,0.0727,-0.641,-0.281,0.0173,0.302,-0.419,-0.352
V1_pop,-0.211,1,-0.183,0.279,0.0507,0.0197,-0.188,0.0896,0.221
Q_pop,0.0727,-0.183,1,-0.073,-0.0355,0.0986,0.0886,0.196,-0.194
V2_pop,-0.641,0.279,-0.073,1,0.0887,-0.00718,-0.408,0.656,0.466
omega_Cl,-0.281,0.0507,-0.0355,0.0887,1,-0.0416,-0.0369,-0.00355,0.0533
omega_V1,0.0173,0.0197,0.0986,-0.00718,-0.0416,1,-0.00303,0.0831,-0.0732
omega_Q,0.302,-0.188,0.0886,-0.408,-0.0369,-0.00303,1,-0.303,-0.343
omega_V2,-0.419,0.0896,0.196,0.656,-0.00355,0.0831,-0.303,1,0.238
a,-0.352,0.221,-0.194,0.466,0.0533,-0.0732,-0.343,0.238,1
