Cl_pop,1,-0.00636,0.024,-0.0298,0.00127,-0.00324,0.000688,0.000631,0.00906
V1_pop,-0.00636,1,-0.299,0.119,0.00442,0.162,-0.286,0.066,-0.00318
Q_pop,0.024,-0.299,1,-0.152,-0.00154,-0.144,0.251,0.00123,0.00878
V2_pop,-0.0298,0.119,-0.152,1,0.0466,0.0548,0.0414,0.0739,-0.135
omega_Cl,0.00127,0.00442,-0.00154,0.0466,1,-0.00479,0.00698,0.0142,-0.0245
omega_V1,-0.00324,0.162,-0.144,0.0548,-0.00479,1,-0.202,0.11,-0.0624
omega_Q,0.000688,-0.286,0.251,0.0414,0.00698,-0.202,1,-0.111,-0.0151
omega_V2,0.000631,0.066,0.00123,0.0739,0.0142,0.11,-0.111,1,-0.114
a,0.00906,-0.00318,0.00878,-0.135,-0.0245,-0.0624,-0.0151,-0.114,1
