Cl_pop,0.00513,-3.53e-5,0.000415,-0.000279,4.75e-6,-1.35e-5,9.11e-6,5.38e-6,3.94e-6
V1_pop,-3.53e-5,0.006,-0.00559,0.00121,1.79e-5,0.00073,-0.00409,0.000608,-1.49e-6
Q_pop,0.000415,-0.00559,0.0585,-0.00483,-1.95e-5,-0.00202,0.0112,3.55e-5,1.29e-5
V2_pop,-0.000279,0.00121,-0.00483,0.0171,0.000319,0.000417,0.001,0.00115,-0.000107
omega_Cl,4.75e-6,1.79e-5,-1.95e-5,0.000319,0.00274,-1.46e-5,6.75e-5,8.82e-5,-7.77e-6
omega_V1,-1.35e-5,0.00073,-0.00202,0.000417,-1.46e-5,0.00338,-0.00217,0.00076,-2.2e-5
omega_Q,9.11e-6,-0.00409,0.0112,0.001,6.75e-5,-0.00217,0.0341,-0.00244,-1.69e-5
omega_V2,5.38e-6,0.000608,3.55e-5,0.00115,8.82e-5,0.00076,-0.00244,0.0142,-8.24e-5
a,3.94e-6,-1.49e-6,1.29e-5,-0.000107,-7.77e-6,-2.2e-5,-1.69e-5,-8.24e-5,3.68e-5
