Cl_pop,0.00503,-8.18e-6,nan,-2.71e-11,5.59e-6,2.17e-5,0.000317,5.52e-12,-2.55e-6
V1_pop,-8.18e-6,0.00635,nan,6.74e-10,2.53e-5,-0.000485,-0.00591,-1.46e-10,-1.11e-5
Q_pop,nan,nan,nan,nan,nan,nan,nan,nan,nan
V2_pop,-2.71e-11,6.74e-10,nan,3.53e-15,3.54e-11,-5.4e-10,-1.08e-9,-2.97e-16,-1.58e-11
omega_Cl,5.59e-6,2.53e-5,nan,3.54e-11,0.00258,-4.35e-5,1.06e-5,-1.22e-11,3.04e-7
omega_V1,2.17e-5,-0.000485,nan,-5.4e-10,-4.35e-5,0.00362,0.000696,4.36e-11,-3.7e-5
omega_Q,0.000317,-0.00591,nan,-1.08e-9,1.06e-5,0.000696,0.264,3.99e-10,9.23e-5
omega_V2,5.52e-12,-1.46e-10,nan,-2.97e-16,-1.22e-11,4.36e-11,3.99e-10,2.45e-16,2.74e-12
a,-2.55e-6,-1.11e-5,nan,-1.58e-11,3.04e-7,-3.7e-5,9.23e-5,2.74e-12,3.97e-5
