Cl_pop,1,-0.000617,0.022,-0.00839,0,0,0,0,0,0,0
V1_pop,-0.000617,1,-0.137,0.63,0,0,0,0,0,0,0
Q_pop,0.022,-0.137,1,-0.0814,0,0,0,0,0,0,0
V2_pop,-0.00839,0.63,-0.0814,1,0,0,0,0,0,0,0
omega_Cl,0,0,0,0,1,3.09e-5,-0.000803,-0.000214,0.000114,-7.67e-5,-0.00477
omega_V1,0,0,0,0,3.09e-5,1,0.0348,-0.024,0.412,-0.000505,-0.0314
corr_V2_V1,0,0,0,0,-0.000803,0.0348,1,0.0455,-0.444,0.00545,0.339
omega_Q,0,0,0,0,-0.000214,-0.024,0.0455,1,-0.0292,-0.00105,-0.0655
omega_V2,0,0,0,0,0.000114,0.412,-0.444,-0.0292,1,-0.00276,-0.172
a1,0,0,0,0,-7.67e-5,-0.000505,0.00545,-0.00105,-0.00276,1,-0.0151
a2,0,0,0,0,-0.00477,-0.0314,0.339,-0.0655,-0.172,-0.0151,1
