Cl_pop,0.123,-0.000378,0.00924,-0.00888,0,0,0,0,0,0,0
V1_pop,-0.000378,3.05,-0.288,3.32,0,0,0,0,0,0,0
Q_pop,0.00924,-0.288,1.44,-0.294,0,0,0,0,0,0,0
V2_pop,-0.00888,3.32,-0.294,9.1,0,0,0,0,0,0,0
omega_Cl,0,0,0,0,0.00232,9.62e-8,-1.02e-5,-1.53e-6,7.39e-7,-8.23e-8,-1.46e-6
omega_V1,0,0,0,0,9.62e-8,0.00419,0.000595,-0.00023,0.00359,-7.28e-7,-1.29e-5
corr_V2_V1,0,0,0,0,-1.02e-5,0.000595,0.0698,0.00178,-0.0158,3.21e-5,0.000567
omega_Q,0,0,0,0,-1.53e-6,-0.00023,0.00178,0.022,-0.000584,-3.48e-6,-6.15e-5
omega_V2,0,0,0,0,7.39e-7,0.00359,-0.0158,-0.000584,0.0181,-8.28e-6,-0.000146
a1,0,0,0,0,-8.23e-8,-7.28e-7,3.21e-5,-3.48e-6,-8.28e-6,0.000497,-2.13e-6
a2,0,0,0,0,-1.46e-6,-1.29e-5,0.000567,-6.15e-5,-0.000146,-2.13e-6,4.02e-5
