Cl_pop,1,0.64697,0.083073,-0.070373,-0.20651,-0.64113,0.048308,-0.033591,nan,-0.14652,-0.23627,0.2902
beta_Cl_logtCLCRMLMIN,0.64697,1,0.090949,-0.13774,-0.31029,-0.99387,0.093555,-0.0022672,nan,-0.18641,-0.32357,0.39496
V1_pop,0.083073,0.090949,1,-0.081235,0.67797,-0.090563,0.071268,0.069265,nan,-0.053809,-0.10943,0.15804
Q_pop,-0.070373,-0.13774,-0.081235,1,-0.02776,0.13688,-0.47709,-0.74606,nan,-0.32347,-0.037938,0.094998
V2_pop,-0.20651,-0.31029,0.67797,-0.02776,1,0.3124,-0.048422,0.20279,nan,0.22508,0.22365,-0.29755
omega_Cl,-0.64113,-0.99387,-0.090563,0.13688,0.3124,1,-0.093302,0.0038424,nan,0.1876,0.32767,-0.3994
omega_V1,0.048308,0.093555,0.071268,-0.47709,-0.048422,-0.093302,1,0.59882,nan,0.84375,-0.004132,-0.043715
corr_V2_V1,-0.033591,-0.0022672,0.069265,-0.74606,0.20279,0.0038424,0.59882,1,nan,0.52736,0.14312,-0.21043
omega_Q,nan,nan,nan,nan,nan,nan,nan,nan,nan,nan,nan,nan
omega_V2,-0.14652,-0.18641,-0.053809,-0.32347,0.22508,0.1876,0.84375,0.52736,nan,1,0.20065,-0.32716
a1,-0.23627,-0.32357,-0.10943,-0.037938,0.22365,0.32767,-0.004132,0.14312,nan,0.20065,1,-0.43108
a2,0.2902,0.39496,0.15804,0.094998,-0.29755,-0.3994,-0.043715,-0.21043,nan,-0.32716,-0.43108,1
