Cl_pop,0.25732,0.96701,0.08179,-5.5127e-9,-0.061492,-0.15846,0.0018777,-0.00011844,nan,-0.0027769,-0.0031212,0.0018576
beta_Cl_logtCLCRMLMIN,0.96701,8.6819,0.52013,-6.2676e-8,-0.53667,-1.4268,0.021122,-4.6436e-5,nan,-0.020521,-0.024829,0.014685
V1_pop,0.08179,0.52013,3.7672,-2.4348e-8,0.77242,-0.085642,0.010599,0.00093449,nan,-0.0039021,-0.0055314,0.0038707
Q_pop,-5.5127e-9,-6.2676e-8,-2.4348e-8,2.3848e-14,-2.5164e-9,1.0299e-8,-5.6453e-9,-8.0085e-10,nan,-1.8664e-9,-1.5258e-10,1.8512e-10
V2_pop,-0.061492,-0.53667,0.77242,-2.5164e-9,0.34457,0.089345,-0.0021779,0.00082745,nan,0.0049364,0.0034189,-0.002204
omega_Cl,-0.15846,-1.4268,-0.085642,1.0299e-8,0.089345,0.23738,-0.0034832,1.3013e-5,nan,0.003415,0.0041576,-0.0024555
omega_V1,0.0018777,0.021122,0.010599,-5.6453e-9,-0.0021779,-0.0034832,0.0058712,0.00031894,nan,0.0024155,-8.2453e-6,-4.2268e-5
corr_V2_V1,-0.00011844,-4.6436e-5,0.00093449,-8.0085e-10,0.00082745,1.3013e-5,0.00031894,4.8318e-5,nan,0.00013696,2.5907e-5,-1.8458e-5
omega_Q,nan,nan,nan,nan,nan,nan,nan,nan,nan,nan,nan,nan
omega_V2,-0.0027769,-0.020521,-0.0039021,-1.8664e-9,0.0049364,0.003415,0.0024155,0.00013696,nan,0.001396,0.00019524,-0.00015425
a1,-0.0031212,-0.024829,-0.0055314,-1.5258e-10,0.0034189,0.0041576,-8.2453e-6,2.5907e-5,nan,0.00019524,0.00067822,-0.00014166
a2,0.0018576,0.014685,0.0038707,1.8512e-10,-0.002204,-0.0024555,-4.2268e-5,-1.8458e-5,nan,-0.00015425,-0.00014166,0.00015924
