Cl_pop,0.49304,-0.0066085,0.04731,-0.0080267,-9.1418e-5,0.00011257,-2.6587e-6,3.8189e-5,0.0001227,-0.00014442,3.7083e-5
V1_pop,-0.0066085,11.534,-1.7282,12.279,0.00017027,0.016134,8.5716e-5,-0.036785,0.018216,-0.0019902,0.0013716
Q_pop,0.04731,-1.7282,5.8608,-1.9326,6.9695e-5,0.010651,0.00017297,-0.00012858,0.0087703,0.0001852,-0.00078674
V2_pop,-0.0080267,12.279,-1.9326,13.767,0.0007819,0.02421,0.00061931,-0.045864,0.031605,-0.0016466,0.00076946
omega_Cl,-9.1418e-5,0.00017027,6.9695e-5,0.0007819,0.0023781,2.4183e-6,5.885e-7,7.5898e-5,7.3702e-6,2.5641e-5,-1.3942e-5
omega_V1,0.00011257,0.016134,0.010651,0.02421,2.4183e-6,0.0041179,5.7239e-5,-0.00080175,0.0041192,3.539e-5,-5.7908e-5
corr_V2_V1,-2.6587e-6,8.5716e-5,0.00017297,0.00061931,5.885e-7,5.7239e-5,3.3781e-6,-1.263e-5,5.8075e-5,1.2428e-6,-1.4564e-6
omega_Q,3.8189e-5,-0.036785,-0.00012858,-0.045864,7.5898e-5,-0.00080175,-1.263e-5,0.020625,-0.00097537,6.3152e-5,-5.4719e-5
omega_V2,0.0001227,0.018216,0.0087703,0.031605,7.3702e-6,0.0041192,5.8075e-5,-0.00097537,0.0042639,2.9083e-5,-5.7315e-5
a1,-0.00014442,-0.0019902,0.0001852,-0.0016466,2.5641e-5,3.539e-5,1.2428e-6,6.3152e-5,2.9083e-5,0.000519,-1.5981e-5
a2,3.7083e-5,0.0013716,-0.00078674,0.00076946,-1.3942e-5,-5.7908e-5,-1.4564e-6,-5.4719e-5,-5.7315e-5,-1.5981e-5,4.232e-5
