Cl_pop,1,-0.023825,-0.97425,-0.013249,0.016689,-0.015026,-0.0011755,0.0044542,0.014721,0.0066937,0.00055577,-0.012455,0.014286
beta_Cl_logtWTKG,-0.023825,1,0.039639,-0.0023187,-0.0017291,0.012043,0.0025318,0.01094,-0.0021057,-0.0028842,0.019039,-0.0033737,-0.0010158
beta_Cl_tCLCRMLMIN,-0.97425,0.039639,1,0.008508,-0.0043432,0.004501,-0.0025359,-0.010517,-0.0095819,-0.0007509,-0.010807,0.0096446,-0.0076306
V1_pop,-0.013249,-0.0023187,0.008508,1,-0.2929,0.92852,0.0060658,0.012121,-0.0025197,-0.13174,-0.0093772,-0.014398,0.046981
Q_pop,0.016689,-0.0017291,-0.0043432,-0.2929,1,-0.32066,0.014122,-0.04565,0.061183,0.13439,-0.070151,-0.0057052,0.0078987
V2_pop,-0.015026,0.012043,0.004501,0.92852,-0.32066,1,-0.023256,0.13,-0.074805,-0.19714,0.19291,-0.0099134,0.0083185
omega_Cl,-0.0011755,0.0025318,-0.0025359,0.0060658,0.014122,-0.023256,1,-0.052403,-0.0066235,0.036631,-0.068999,0.02985,-0.034583
omega_V1,0.0044542,0.01094,-0.010517,0.012121,-0.04565,0.13,-0.052403,1,0.26812,-0.18629,0.94776,0.0097102,-0.11567
corr_V2_V1,0.014721,-0.0021057,-0.0095819,-0.0025197,0.061183,-0.074805,-0.0066235,0.26812,1,-0.016021,0.15578,-0.021494,0.056563
omega_Q,0.0066937,-0.0028842,-0.0007509,-0.13174,0.13439,-0.19714,0.036631,-0.18629,-0.016021,1,-0.22816,0.0039831,-0.023954
omega_V2,0.00055577,0.019039,-0.010807,-0.0093772,-0.070151,0.19291,-0.068999,0.94776,0.15578,-0.22816,1,0.010519,-0.11958
a1,-0.012455,-0.0033737,0.0096446,-0.014398,-0.0057052,-0.0099134,0.02985,0.0097102,-0.021494,0.0039831,0.010519,1,-0.10799
a2,0.014286,-0.0010158,-0.0076306,0.046981,0.0078987,0.0083185,-0.034583,-0.11567,0.056563,-0.023954,-0.11958,-0.10799,1
