Cl_pop,1,-0.017,0.0298,0.0129,-0.00357,0.016,0.0179,0.0141,0.0139,-0.00918
V1_pop,-0.017,1,-0.521,-0.469,-0.0524,-0.439,-0.608,-0.383,-0.457,0.445
Q_pop,0.0298,-0.521,1,0.373,0.0467,0.371,0.509,0.313,0.382,-0.367
V2_pop,0.0129,-0.469,0.373,1,0.0909,0.486,0.523,0.771,0.524,-0.513
omega_Cl,-0.00357,-0.0524,0.0467,0.0909,1,0.0531,0.0645,0.104,0.091,-0.0915
omega_V1,0.016,-0.439,0.371,0.486,0.0531,1,0.488,0.442,0.469,-0.476
omega_Q,0.0179,-0.608,0.509,0.523,0.0645,0.488,1,0.451,0.506,-0.499
omega_V2,0.0141,-0.383,0.313,0.771,0.104,0.442,0.451,1,0.553,-0.54
a,0.0139,-0.457,0.382,0.524,0.091,0.469,0.506,0.553,1,-0.933
b,-0.00918,0.445,-0.367,-0.513,-0.0915,-0.476,-0.499,-0.54,-0.933,1
