Cl_pop,0.00499,-5.41e-5,0.000441,-0.000414,-5.18e-5,4.79e-5,-4.05e-5,-0.000235,3.07e-5,-2.13e-5
V1_pop,-5.41e-5,0.00743,-0.00753,0.00119,-6.62e-6,-0.000427,-0.00442,-0.00631,-0.000171,0.000216
Q_pop,0.000441,-0.00753,0.0654,-0.00112,0.000477,0.00177,0.0127,0.0456,0.000226,-0.00065
V2_pop,-0.000414,0.00119,-0.00112,0.0237,0.000798,-3.89e-5,0.00452,0.0268,-0.000928,0.000455
omega_Cl,-5.18e-5,-6.62e-6,0.000477,0.000798,0.00261,3.6e-5,0.000242,0.003,-4.7e-5,5.81e-6
omega_V1,4.79e-5,-0.000427,0.00177,-3.89e-5,3.6e-5,0.00438,-0.000472,0.00732,-6.18e-6,-7.61e-5
omega_Q,-4.05e-5,-0.00442,0.0127,0.00452,0.000242,-0.000472,0.0355,0.0118,7.83e-5,-0.000235
omega_V2,-0.000235,-0.00631,0.0456,0.0268,0.003,0.00732,0.0118,0.211,-0.00339,0.000688
a,3.07e-5,-0.000171,0.000226,-0.000928,-4.7e-5,-6.18e-6,7.83e-5,-0.00339,0.000392,-0.000269
b,-2.13e-5,0.000216,-0.00065,0.000455,5.81e-6,-7.61e-5,-0.000235,0.000688,-0.000269,0.000223
