Cl_pop,0.12196,0.0071191,0.010042,-0.064514,-0.00016628,-0.001841,-0.00020321,0.0024994,-0.0056891,-0.00016111,6.2643e-6
V1_pop,0.0071191,6.8273,-2.8589,0.26395,-0.016126,-0.26487,-0.03033,0.21465,-0.85215,-0.018065,0.0041252
Q_pop,0.010042,-2.8589,3.1607,1.7468,0.0097341,0.1687,0.017897,-0.11622,0.52127,0.010383,-0.0031202
V2_pop,-0.064514,0.26395,1.7468,20.988,0.029359,0.46975,0.052704,-0.52307,1.4876,0.028477,-0.0024951
omega_Cl,-0.00016628,-0.016126,0.0097341,0.029359,0.0023752,0.0012468,0.00015091,-0.0011977,0.0041312,0.0001047,-1.9355e-5
omega_V1,-0.001841,-0.26487,0.1687,0.46975,0.0012468,0.029176,0.002517,-0.023433,0.079883,0.0014043,-0.00031305
corr_V2_V1,-0.00020321,-0.03033,0.017897,0.052704,0.00015091,0.002517,0.00027919,-0.0023757,0.0079068,0.0001568,-2.7078e-5
omega_Q,0.0024994,0.21465,-0.11622,-0.52307,-0.0011977,-0.023433,-0.0023757,0.040423,-0.069856,-0.0012988,0.00018109
omega_V2,-0.0056891,-0.85215,0.52127,1.4876,0.0041312,0.079883,0.0079068,-0.069856,0.23591,0.0044306,-0.00086518
a1,-0.00016111,-0.018065,0.010383,0.028477,0.0001047,0.0014043,0.0001568,-0.0012988,0.0044306,0.00060291,-2.5163e-5
a2,6.2643e-6,0.0041252,-0.0031202,-0.0024951,-1.9355e-5,-0.00031305,-2.7078e-5,0.00018109,-0.00086518,-2.5163e-5,3.9013e-5
