Cl_pop,1,-0.048197,-0.97328,0.0027094,-0.024289,0.014965,0.043668,6.2834e-5,-0.028321,nan,0.0085628,-0.010656,0.0039728
beta_Cl_logtWTKG,-0.048197,1,0.10117,-0.015746,0.039944,-0.032605,-0.96661,-0.010878,0.020261,nan,-0.031558,-0.10499,0.13306
beta_Cl_tCLCRMLMIN,-0.97328,0.10117,1,0.0015084,0.016855,-0.0093419,-0.09428,-0.0023825,0.02423,nan,-0.0097904,0.0024292,0.0068402
V1_pop,0.0027094,-0.015746,0.0015084,1,0.0091135,0.95656,0.016582,-0.023409,-0.037445,nan,-0.013878,-0.025098,0.035242
Q_pop,-0.024289,0.039944,0.016855,0.0091135,1,-0.070712,-0.036807,-0.023094,-0.1299,nan,-0.10946,-0.0094182,0.00049779
V2_pop,0.014965,-0.032605,-0.0093419,0.95656,-0.070712,1,0.032491,-0.029995,-0.098268,nan,0.02362,-0.010296,-0.0024156
omega_Cl,0.043668,-0.96661,-0.09428,0.016582,-0.036807,0.032491,1,0.011845,-0.020459,nan,0.032427,0.10652,-0.13739
omega_V1,6.2834e-5,-0.010878,-0.0023825,-0.023409,-0.023094,-0.029995,0.011845,1,0.39392,nan,0.97202,0.023839,-0.10182
corr_V2_V1,-0.028321,0.020261,0.02423,-0.037445,-0.1299,-0.098268,-0.020459,0.39392,1,nan,0.29952,0.013782,-0.023082
omega_Q,nan,nan,nan,nan,nan,nan,nan,nan,nan,nan,nan,nan,nan
omega_V2,0.0085628,-0.031558,-0.0097904,-0.013878,-0.10946,0.02362,0.032427,0.97202,0.29952,nan,1,0.034078,-0.12183
a1,-0.010656,-0.10499,0.0024292,-0.025098,-0.0094182,-0.010296,0.10652,0.023839,0.013782,nan,0.034078,1,-0.15933
a2,0.0039728,0.13306,0.0068402,0.035242,0.00049779,-0.0024156,-0.13739,-0.10182,-0.023082,nan,-0.12183,-0.15933,1
