Cl_pop,1,0.00369,-0.442,-0.649,-0.352,0.0403,-0.0291
V1_pop,0.00369,1,-0.0375,0.0166,0.0145,0.0253,0.00403
Q_pop,-0.442,-0.0375,1,0.701,0.422,-0.102,0.05
V2_pop,-0.649,0.0166,0.701,1,0.524,-0.057,0.0511
omega_Cl,-0.352,0.0145,0.422,0.524,1,-0.0362,0.00554
omega_V1,0.0403,0.0253,-0.102,-0.057,-0.0362,1,-0.0602
a,-0.0291,0.00403,0.05,0.0511,0.00554,-0.0602,1
