Cl_pop,1,-0.0088847,0.036927,-0.0060097,-0.0057283,-0.0029904,-0.0046054,-0.0038509,0.014249
V1_pop,-0.0088847,1,0.0011343,-0.011188,0.0067494,0.06148,0.033376,0.0392,-0.042274
Q_pop,0.036927,0.0011343,1,-0.018154,0.0099354,-0.034301,-0.029723,0.005819,0.0085056
V2_pop,-0.0060097,-0.011188,-0.018154,1,-0.028735,-0.16457,0.10228,0.69032,0.1254
omega_Cl,-0.0057283,0.0067494,0.0099354,-0.028735,1,-0.024207,0.0097904,-0.010495,-0.023313
omega_V1,-0.0029904,0.06148,-0.034301,-0.16457,-0.024207,1,0.029898,-0.22043,0.046644
omega_Q,-0.0046054,0.033376,-0.029723,0.10228,0.0097904,0.029898,1,0.045247,-0.048259
omega_V2,-0.0038509,0.0392,0.005819,0.69032,-0.010495,-0.22043,0.045247,1,0.096982
b,0.014249,-0.042274,0.0085056,0.1254,-0.023313,0.046644,-0.048259,0.096982,1
