Cl_pop,1,-0.00238,0.0251,-0.023,0,0,0,0,0,0,0
V1_pop,-0.00238,1,-0.128,0.704,0,0,0,0,0,0,0
Q_pop,0.0251,-0.128,1,-0.105,0,0,0,0,0,0,0
V2_pop,-0.023,0.704,-0.105,1,0,0,0,0,0,0,0
omega_Cl,0,0,0,0,1,2.57e-5,0.000139,-0.000278,-0.000424,-7.82e-5,-0.00472
omega_V1,0,0,0,0,2.57e-5,1,0.0163,-0.0222,0.527,-0.000742,-0.0447
corr_V2_V1,0,0,0,0,0.000139,0.0163,1,0.0128,-0.304,0.00507,0.306
omega_Q,0,0,0,0,-0.000278,-0.0222,0.0128,1,-0.0178,-0.00121,-0.0727
omega_V2,0,0,0,0,-0.000424,0.527,-0.304,-0.0178,1,-0.00198,-0.119
a1,0,0,0,0,-7.82e-5,-0.000742,0.00507,-0.00121,-0.00198,1,-0.0163
a2,0,0,0,0,-0.00472,-0.0447,0.306,-0.0727,-0.119,-0.0163,1
