Cl_pop,1,-0.0134,0.0312,-0.0367,-0.0125,0.00842,0.00559,-0.00634,-0.00932,0.017
V1_pop,-0.0134,1,-0.292,0.125,0.00683,-0.077,-0.203,-0.00569,-0.0176,0.0721
Q_pop,0.0312,-0.292,1,-0.178,-0.00532,0.0652,0.209,0.0773,0.000628,-0.0628
V2_pop,-0.0367,0.125,-0.178,1,0.0412,-0.125,0.0846,-0.0899,0.0164,0.0271
omega_Cl,-0.0125,0.00683,-0.00532,0.0412,1,-0.0174,0.0133,-0.0177,0.0238,-0.0426
omega_V1,0.00842,-0.077,0.0652,-0.125,-0.0174,1,-0.108,0.217,0.0146,-0.0664
omega_Q,0.00559,-0.203,0.209,0.0846,0.0133,-0.108,1,-0.246,0.00839,-0.0203
omega_V2,-0.00634,-0.00569,0.0773,-0.0899,-0.0177,0.217,-0.246,1,0.00921,-0.146
a1,-0.00932,-0.0176,0.000628,0.0164,0.0238,0.0146,0.00839,0.00921,1,-0.113
a2,0.017,0.0721,-0.0628,0.0271,-0.0426,-0.0664,-0.0203,-0.146,-0.113,1
