Cl_pop,0.49639,-0.029422,0.063557,0.019737,0.00010582,0.00014267,1.7109e-6,-7.7231e-5,0.00092838,-4.64e-5,-6.8897e-5
V1_pop,-0.029422,12.217,-2.2526,15.577,-0.00042863,-0.0021705,-0.00012147,-0.04672,-0.007235,-0.0021784,0.0024615
Q_pop,0.063557,-2.2526,6.4611,-3.4601,0.0004604,0.00928,0.00025673,0.052236,0.0093785,-0.00047566,-0.0015109
V2_pop,0.019737,15.577,-3.4601,45.259,0.031356,0.020302,-0.0047817,-0.26595,0.25246,0.032236,-0.018381
omega_Cl,0.00010582,-0.00042863,0.0004604,0.031356,0.0023957,1.4165e-5,-6.9047e-6,-0.00018562,0.00030784,6.6989e-5,-3.4407e-5
omega_V1,0.00014267,-0.0021705,0.00928,0.020302,1.4165e-5,0.004556,3.6341e-5,-0.00081996,0.0051684,6.465e-5,-7.5082e-5
corr_V2_V1,1.7109e-6,-0.00012147,0.00025673,-0.0047817,-6.9047e-6,3.6341e-5,4.7643e-6,1.6265e-5,6.098e-7,-6.6023e-6,2.9732e-6
omega_Q,-7.7231e-5,-0.04672,0.052236,-0.26595,-0.00018562,-0.00081996,1.6265e-5,0.021043,-0.0028642,-0.00023413,0.00011321
omega_V2,0.00092838,-0.007235,0.0093785,0.25246,0.00030784,0.0051684,6.098e-7,-0.0028642,0.0083014,0.00038172,-0.00028071
a1,-4.64e-5,-0.0021784,-0.00047566,0.032236,6.6989e-5,6.465e-5,-6.6023e-6,-0.00023413,0.00038172,0.00056967,-4.2311e-5
a2,-6.8897e-5,0.0024615,-0.0015109,-0.018381,-3.4407e-5,-7.5082e-5,2.9732e-6,0.00011321,-0.00028071,-4.2311e-5,5.6451e-5
