Cl_pop,0.49269,-0.40735,0.31245,-34.401,-0.041018,0.0062717,0.26864,0.084692,-0.21379,0.0014703,-0.0038785
V1_pop,-0.40735,3.7488,-0.59905,43.848,0.029012,-0.00022976,0.0013188,-0.12293,0.24421,-0.002843,0.006018
Q_pop,0.31245,-0.59905,0.93894,-29.723,-0.033368,0.0074917,0.31145,0.092954,-0.10027,0.002077,-0.0050698
V2_pop,-34.401,43.848,-29.723,3611.9,3.2421,-0.54933,-23.877,-8.2649,22.433,-0.15531,0.38296
omega_Cl,-0.041018,0.029012,-0.033368,3.2421,0.008202,-0.00092264,-0.036483,-0.007718,0.016723,-0.00012488,0.00036923
omega_V1,0.0062717,-0.00022976,0.0074917,-0.54933,-0.00092264,0.0031798,0.0097124,0.00085962,-0.0014236,6.0819e-5,-0.00010755
corr_V2_V1,0.26864,0.0013188,0.31145,-23.877,-0.036483,0.0097124,0.48683,0.061026,-0.10835,0.0016407,-0.0034443
omega_Q,0.084692,-0.12293,0.092954,-8.2649,-0.007718,0.00085962,0.061026,0.034049,-0.057736,0.00044474,-0.0010922
omega_V2,-0.21379,0.24421,-0.10027,22.433,0.016723,-0.0014236,-0.10835,-0.057736,0.24103,-0.00076961,0.0020379
a1,0.0014703,-0.002843,0.002077,-0.15531,-0.00012488,6.0819e-5,0.0016407,0.00044474,-0.00076961,0.00054396,-4.2132e-5
a2,-0.0038785,0.006018,-0.0050698,0.38296,0.00036923,-0.00010755,-0.0034443,-0.0010922,0.0020379,-4.2132e-5,0.000103
