Cl_pop,0.52214,7.4735e-8,0.071401,1.694e-8,1.4598e-5,-4.4174e-10,-0.00053655,-2.4016e-11,7.6322e-5
V1_pop,7.4735e-8,3.4424e-11,-9.8754e-8,-1.5033e-12,5.9358e-10,8.3383e-14,7.7346e-8,5.3473e-14,-5.9846e-10
Q_pop,0.071401,-9.8754e-8,7.5679,4.6947e-9,0.001306,-1.5552e-10,-0.0045429,-9.9295e-10,0.00019223
V2_pop,1.694e-8,-1.5033e-12,4.6947e-9,2.2048e-11,4.477e-9,-1.9444e-13,1.495e-7,-7.4593e-14,-2.928e-10
omega_Cl,1.4598e-5,5.9358e-10,0.001306,4.477e-9,0.0026268,-7.2675e-11,0.00020947,-1.5682e-12,-8.3847e-6
omega_V1,-4.4174e-10,8.3383e-14,-1.5552e-10,-1.9444e-13,-7.2675e-11,9.2903e-15,-1.1884e-9,1.6451e-15,2.8446e-11
omega_Q,-0.00053655,7.7346e-8,-0.0045429,1.495e-7,0.00020947,-1.1884e-9,0.054903,-5.1553e-10,-0.00012089
omega_V2,-2.4016e-11,5.3473e-14,-9.9295e-10,-7.4593e-14,-1.5682e-12,1.6451e-15,-5.1553e-10,1.713e-15,-2.294e-12
b,7.6322e-5,-5.9846e-10,0.00019223,-2.928e-10,-8.3847e-6,2.8446e-11,-0.00012089,-2.294e-12,6.8101e-5
