Cl_pop,0.49223,-0.048182,0.091264,-0.12377,-0.00021691,0.0010623,8.6964e-5,0.001084,-0.00025484,-0.00011116,2.6304e-5
V1_pop,-0.048182,15.225,-3.6372,22.121,0.0016055,-0.075673,-0.0019993,-0.062832,-0.073621,-0.0025126,0.002454
Q_pop,0.091264,-3.6372,9.1178,-5.9725,0.00038095,0.049298,0.0017829,0.12095,0.040319,0.0014498,-0.0020777
V2_pop,-0.12377,22.121,-5.9725,39.047,0.0034442,-0.19993,-0.013771,-0.14354,-0.049771,-0.0021194,0.0031306
omega_Cl,-0.00021691,0.0016055,0.00038095,0.0034442,0.0023074,-9.1854e-5,-4.5621e-6,3.6647e-5,-6.5944e-5,1.9782e-5,-6.6257e-6
omega_V1,0.0010623,-0.075673,0.049298,-0.19993,-9.1854e-5,0.0089346,0.00025447,0.00021849,0.00858,1.4123e-5,-2.4918e-5
corr_V2_V1,8.6964e-5,-0.0019993,0.0017829,-0.013771,-4.5621e-6,0.00025447,2.3972e-5,0.00012189,2.3808e-5,-2.7394e-6,2.1399e-6
omega_Q,0.001084,-0.062832,0.12095,-0.14354,3.6647e-5,0.00021849,0.00012189,0.021821,-0.001232,7.1371e-5,-7.8867e-5
omega_V2,-0.00025484,-0.073621,0.040319,-0.049771,-6.5944e-5,0.00858,2.3808e-5,-0.001232,0.012464,5.3847e-5,-4.3585e-5
a1,-0.00011116,-0.0025126,0.0014498,-0.0021194,1.9782e-5,1.4123e-5,-2.7394e-6,7.1371e-5,5.3847e-5,0.0005238,-1.4588e-5
a2,2.6304e-5,0.002454,-0.0020777,0.0031306,-6.6257e-6,-2.4918e-5,2.1399e-6,-7.8867e-5,-4.3585e-5,-1.4588e-5,3.8517e-5
