Cl_pop,0.136,-0.00739,-0.0425,-3.08,0,0,0,0,0,0,0
V1_pop,-0.00739,3.01,-0.114,9.6,0,0,0,0,0,0,0
Q_pop,-0.0425,-0.114,0.456,2.63,0,0,0,0,0,0,0
V2_pop,-3.08,9.6,2.63,551,0,0,0,0,0,0,0
omega_Cl,0,0,0,0,0.0035,-3.7e-6,0.000458,-0.000215,-0.00289,1.04e-8,2.38e-7
omega_V1,0,0,0,0,-3.7e-6,0.00331,0.00382,-0.000114,0.00108,-7.13e-7,-1.63e-5
corr_V2_V1,0,0,0,0,0.000458,0.00382,0.109,4.69e-5,0.0138,2.44e-7,5.59e-6
omega_Q,0,0,0,0,-0.000215,-0.000114,4.69e-5,0.0133,-0.00252,-3.6e-6,-8.24e-5
omega_V2,0,0,0,0,-0.00289,0.00108,0.0138,-0.00252,0.0882,-3.71e-6,-8.5e-5
a1,0,0,0,0,1.04e-8,-7.13e-7,2.44e-7,-3.6e-6,-3.71e-6,0.000505,-3.43e-6
a2,0,0,0,0,2.38e-7,-1.63e-5,5.59e-6,-8.24e-5,-8.5e-5,-3.43e-6,4.46e-5
