Cl_pop,0.122,-8.6e-5,0.00858,-0.00473,0,0,0,0,0,0,0
V1_pop,-8.6e-5,3,-0.304,3.49,0,0,0,0,0,0,0
Q_pop,0.00858,-0.304,1.69,-0.123,0,0,0,0,0,0,0
V2_pop,-0.00473,3.49,-0.123,9.12,0,0,0,0,0,0,0
omega_Cl,0,0,0,0,0.0023,1.88e-8,-6.93e-6,-1.54e-6,-1.45e-7,-7.42e-8,-1.4e-6
omega_V1,0,0,0,0,1.88e-8,0.00439,0.000413,-0.000225,0.0038,-6.34e-7,-1.19e-5
corr_V2_V1,0,0,0,0,-6.93e-6,0.000413,0.0344,0.00168,-0.0081,1.99e-5,0.000375
omega_Q,0,0,0,0,-1.54e-6,-0.000225,0.00168,0.0224,-0.000463,-2.7e-6,-5.09e-5
omega_V2,0,0,0,0,-1.45e-7,0.0038,-0.0081,-0.000463,0.0157,-5.78e-6,-0.000109
a1,0,0,0,0,-7.42e-8,-6.34e-7,1.99e-5,-2.7e-6,-5.78e-6,0.000501,-2.09e-6
a2,0,0,0,0,-1.4e-6,-1.19e-5,0.000375,-5.09e-5,-0.000109,-2.09e-6,3.85e-5
