Cl_pop,1,0.73819,0.0046657,0.16211,0.012178,-0.73432,-0.090029,-0.037641,nan,-0.094022,-0.2133,0.28473
beta_Cl_logtCLCRMLMIN,0.73819,1,-0.020476,0.18168,-0.011625,-0.99673,-0.11916,-0.044636,nan,-0.12525,-0.26587,0.35737
V1_pop,0.0046657,-0.020476,1,0.068383,0.95911,0.020746,0.018184,0.014831,nan,0.020226,-0.047539,0.057802
Q_pop,0.16211,0.18168,0.068383,1,0.11,-0.18244,-0.038376,0.060407,nan,-0.051406,-0.22939,0.34179
V2_pop,0.012178,-0.011625,0.95911,0.11,1,0.011918,0.11942,0.21691,nan,0.14125,-0.071441,0.10138
omega_Cl,-0.73432,-0.99673,0.020746,-0.18244,0.011918,1,0.11942,0.04513,nan,0.12558,0.26866,-0.36083
omega_V1,-0.090029,-0.11916,0.018184,-0.038376,0.11942,0.11942,1,0.59515,nan,0.98804,0.028383,-0.0519
corr_V2_V1,-0.037641,-0.044636,0.014831,0.060407,0.21691,0.04513,0.59515,1,nan,0.62669,-0.012313,0.055851
omega_Q,nan,nan,nan,nan,nan,nan,nan,nan,nan,nan,nan,nan
omega_V2,-0.094022,-0.12525,0.020226,-0.051406,0.14125,0.12558,0.98804,0.62669,nan,1,0.030576,-0.051404
a1,-0.2133,-0.26587,-0.047539,-0.22939,-0.071441,0.26866,0.028383,-0.012313,nan,0.030576,1,-0.34768
a2,0.28473,0.35737,0.057802,0.34179,0.10138,-0.36083,-0.0519,0.055851,nan,-0.051404,-0.34768,1
