Cl_pop,0.0872,0.00828,-0.000548,0.0111,0.00174,0,0,0,0,0,0,0
beta_Cl_logtCLCRMLMIN,0.00828,0.0584,0.00216,-0.000633,0.00697,0,0,0,0,0,0,0
V1_pop,-0.000548,0.00216,3.52,-0.418,2.8,0,0,0,0,0,0,0
Q_pop,0.0111,-0.000633,-0.418,1.07,-0.426,0,0,0,0,0,0,0
V2_pop,0.00174,0.00697,2.8,-0.426,5.26,0,0,0,0,0,0,0
omega_Cl,0,0,0,0,0,0.00158,4.68e-7,-2.44e-5,-2.15e-6,4.67e-6,-1.58e-7,-2.07e-6
omega_V1,0,0,0,0,0,4.68e-7,0.00436,7.43e-5,-0.000496,0.00359,-1.18e-6,-1.56e-5
corr_V2_V1,0,0,0,0,0,-2.44e-5,7.43e-5,0.0755,0.000382,-0.0181,5.06e-5,0.000666
omega_Q,0,0,0,0,0,-2.15e-6,-0.000496,0.000382,0.0253,-0.000815,-1.16e-5,-0.000153
omega_V2,0,0,0,0,0,4.67e-6,0.00359,-0.0181,-0.000815,0.0163,-1.28e-5,-0.000168
a1,0,0,0,0,0,-1.58e-7,-1.18e-6,5.06e-5,-1.16e-5,-1.28e-5,0.000486,-2.03e-6
a2,0,0,0,0,0,-2.07e-6,-1.56e-5,0.000666,-0.000153,-0.000168,-2.03e-6,4.61e-5
