Cl_pop,0.0876,0.00831,-0.00046,0.0102,-0.000968,0,0,0,0,0,0,0
beta_Cl_logtCLCRMLMIN,0.00831,0.0587,0.0023,-0.000771,0.00718,0,0,0,0,0,0,0
V1_pop,-0.00046,0.0023,3.02,-0.366,2.73,0,0,0,0,0,0,0
Q_pop,0.0102,-0.000771,-0.366,1.07,-0.444,0,0,0,0,0,0,0
V2_pop,-0.000968,0.00718,2.73,-0.444,5.95,0,0,0,0,0,0,0
omega_Cl,0,0,0,0,0,0.00158,4.52e-7,-2.59e-5,-2e-6,5.06e-6,-1.4e-7,-1.99e-6
omega_V1,0,0,0,0,0,4.52e-7,0.00384,0.00018,-0.000416,0.00342,-1.19e-6,-1.68e-5
corr_V2_V1,0,0,0,0,0,-2.59e-5,0.00018,0.089,0.000667,-0.0214,5.08e-5,0.000719
omega_Q,0,0,0,0,0,-2e-6,-0.000416,0.000667,0.0235,-0.000847,-8.44e-6,-0.000119
omega_V2,0,0,0,0,0,5.06e-6,0.00342,-0.0214,-0.000847,0.0179,-1.3e-5,-0.000184
a1,0,0,0,0,0,-1.4e-7,-1.19e-6,5.08e-5,-8.44e-6,-1.3e-5,0.000487,-2e-6
a2,0,0,0,0,0,-1.99e-6,-1.68e-5,0.000719,-0.000119,-0.000184,-2e-6,4.42e-5
