Cl_pop,1,-0.064041,0.047635,0.033465,-0.0083046,0.074402,-0.01159,0.045377,0.021165
V1_pop,-0.064041,1,-0.15227,-0.68971,0.0070081,-0.76834,0.086255,-0.20773,-0.074013
Q_pop,0.047635,-0.15227,1,0.09372,0.0098664,0.1603,-0.031853,0.097596,0.026066
V2_pop,0.033465,-0.68971,0.09372,1,0.0042057,0.43887,-0.050867,-0.16835,0.034513
omega_Cl,-0.0083046,0.0070081,0.0098664,0.0042057,1,-0.011479,0.01569,-0.00085217,-0.020057
omega_V1,0.074402,-0.76834,0.1603,0.43887,-0.011479,1,-0.093427,0.58583,0.1099
omega_Q,-0.01159,0.086255,-0.031853,-0.050867,0.01569,-0.093427,1,-0.049816,-0.075224
omega_V2,0.045377,-0.20773,0.097596,-0.16835,-0.00085217,0.58583,-0.049816,1,0.0742
b,0.021165,-0.074013,0.026066,0.034513,-0.020057,0.1099,-0.075224,0.0742,1
