Cl_pop,0.51903,-2.1725e-6,0.098573,7.758e-8,-0.00030411,4.656e-8,-0.0019476,2.0349e-9,0.00012617
V1_pop,-2.1725e-6,2.2173e-9,-2.0595e-5,-1.045e-10,1.6774e-8,-3.1426e-11,9.4736e-7,-6.0885e-13,-2.8838e-8
Q_pop,0.098573,-2.0595e-5,8.2504,8.6623e-7,0.0014405,3.9994e-7,-0.021341,1.7449e-8,0.00061952
V2_pop,7.758e-8,-1.045e-10,8.6623e-7,1.0354e-11,6.8789e-10,1.2267e-12,-3.8179e-8,-3.372e-14,9.1892e-10
omega_Cl,-0.00030411,1.6774e-8,0.0014405,6.8789e-10,0.0025837,-5.0683e-10,0.00018602,-2.6962e-12,-8.4357e-6
omega_V1,4.656e-8,-3.1426e-11,3.9994e-7,1.2267e-12,-5.0683e-10,7.5449e-13,-1.8929e-8,3.1674e-14,7.8985e-10
omega_Q,-0.0019476,9.4736e-7,-0.021341,-3.8179e-8,0.00018602,-1.8929e-8,0.054406,-7.2326e-10,-0.00014518
omega_V2,2.0349e-9,-6.0885e-13,1.7449e-8,-3.372e-14,-2.6962e-12,3.1674e-14,-7.2326e-10,3.8745e-15,3.8216e-11
b,0.00012617,-2.8838e-8,0.00061952,9.1892e-10,-8.4357e-6,7.8985e-10,-0.00014518,3.8216e-11,6.8466e-5
