Cl_pop,1,0.017659,0.028152,-0.030207,0,0,0,0,0
V1_pop,0.017659,1,-0.20982,0.2322,0,0,0,0,0
Q_pop,0.028152,-0.20982,1,-0.099093,0,0,0,0,0
V2_pop,-0.030207,0.2322,-0.099093,1,0,0,0,0,0
omega_Cl,0,0,0,0,1,0.00065109,-0.00045061,-0.0020408,-0.0083054
omega_V1,0,0,0,0,0.00065109,1,-0.018297,-0.0010287,-0.27364
omega_Q,0,0,0,0,-0.00045061,-0.018297,1,0.012777,-0.057529
omega_V2,0,0,0,0,-0.0020408,-0.0010287,0.012777,1,-0.29023
b,0,0,0,0,-0.0083054,-0.27364,-0.057529,-0.29023,1
