Cl_pop,2.94,0.114,-2.77,-381,0,0,0,0,0,0,0
V1_pop,0.114,2.72,-0.114,-7.46,0,0,0,0,0,0,0
Q_pop,-2.77,-0.114,2.85,366,0,0,0,0,0,0,0
V2_pop,-381,-7.46,366,5.19e+4,0,0,0,0,0,0,0
omega_Cl,0,0,0,0,0.0152,-2.51e-6,0.00266,-0.00127,-0.0141,7.78e-8,1.04e-6
omega_V1,0,0,0,0,-2.51e-6,0.00273,0.00133,2.32e-5,9.12e-5,-1.37e-6,-1.83e-5
corr_V2_V1,0,0,0,0,0.00266,0.00133,0.126,0.000112,0.000254,-1.42e-6,-1.89e-5
omega_Q,0,0,0,0,-0.00127,2.32e-5,0.000112,0.00662,-0.000324,-5.25e-6,-7e-5
omega_V2,0,0,0,0,-0.0141,9.12e-5,0.000254,-0.000324,0.0461,-5.06e-7,-6.74e-6
a1,0,0,0,0,7.78e-8,-1.37e-6,-1.42e-6,-5.25e-6,-5.06e-7,0.000498,-4.04e-6
a2,0,0,0,0,1.04e-6,-1.83e-5,-1.89e-5,-7e-5,-6.74e-6,-4.04e-6,5.28e-5
