Cl_pop,1,0.00045697,0.036235,-0.0043493,-0.0063243,0.0052197,-0.0053342,-0.0018195,0.013084
V1_pop,0.00045697,1,-0.010226,-0.076903,-0.00018208,0.39841,0.020213,-0.033997,-0.0065288
Q_pop,0.036235,-0.010226,1,0.020777,0.0090027,0.015012,-0.016324,0.023264,0.0064163
V2_pop,-0.0043493,-0.076903,0.020777,1,-0.040645,0.47859,0.098795,0.81626,0.011059
omega_Cl,-0.0063243,-0.00018208,0.0090027,-0.040645,1,-0.031234,0.011593,-0.03956,-0.017456
omega_V1,0.0052197,0.39841,0.015012,0.47859,-0.031234,1,0.045411,0.5302,0.015328
omega_Q,-0.0053342,0.020213,-0.016324,0.098795,0.011593,0.045411,1,0.071739,-0.056343
omega_V2,-0.0018195,-0.033997,0.023264,0.81626,-0.03956,0.5302,0.071739,1,0.0096126
b,0.013084,-0.0065288,0.0064163,0.011059,-0.017456,0.015328,-0.056343,0.0096126,1
