Cl_pop,0.51921,2.1923e-8,0.07197,-9.7024e-7,-0.00023252,4.1442e-9,-0.00089492,-2.7888e-9,7.7501e-5
V1_pop,2.1923e-8,4.4329e-9,-1.8768e-6,-1.5852e-9,-6.1858e-10,2.9228e-11,3.1335e-7,-4.8147e-12,-3.5733e-9
Q_pop,0.07197,-1.8768e-6,7.5981,1.7731e-5,0.0012662,4.5595e-8,-0.010477,1.3641e-7,0.00014539
V2_pop,-9.7024e-7,-1.5852e-9,1.7731e-5,9.5847e-8,-6.4207e-7,1.6326e-10,7.1215e-6,5.3754e-10,2.8145e-8
omega_Cl,-0.00023252,-6.1858e-10,0.0012662,-6.4207e-7,0.0026035,-1.756e-9,0.00013773,-4.2938e-9,-7.3218e-6
omega_V1,4.1442e-9,2.9228e-11,4.5595e-8,1.6326e-10,-1.756e-9,1.2141e-12,1.165e-8,1.2427e-12,1.3884e-10
omega_Q,-0.00089492,3.1335e-7,-0.010477,7.1215e-6,0.00013773,1.165e-8,0.054212,3.553e-8,-0.00010784
omega_V2,-2.7888e-9,-4.8147e-12,1.3641e-7,5.3754e-10,-4.2938e-9,1.2427e-12,3.553e-8,4.5247e-12,1.6808e-10
b,7.7501e-5,-3.5733e-9,0.00014539,2.8145e-8,-7.3218e-6,1.3884e-10,-0.00010784,1.6808e-10,6.7574e-5
