Cl_pop,1,-0.000168,0.0202,-0.0164,0,0,0,0,0,0,0
V1_pop,-0.000168,1,-0.114,0.65,0,0,0,0,0,0,0
Q_pop,0.0202,-0.114,1,-0.0522,0,0,0,0,0,0,0
V2_pop,-0.0164,0.65,-0.0522,1,0,0,0,0,0,0,0
omega_Cl,0,0,0,0,1,1.16e-5,4.65e-6,-0.000214,-0.000374,-6.88e-5,-0.00458
omega_V1,0,0,0,0,1.16e-5,1,0.0383,-0.0183,0.445,-0.000469,-0.0313
corr_V2_V1,0,0,0,0,4.65e-6,0.0383,1,0.0432,-0.359,0.0047,0.313
omega_Q,0,0,0,0,-0.000214,-0.0183,0.0432,1,-0.0213,-0.000809,-0.0539
omega_V2,0,0,0,0,-0.000374,0.445,-0.359,-0.0213,1,-0.00204,-0.136
a1,0,0,0,0,-6.88e-5,-0.000469,0.0047,-0.000809,-0.00204,1,-0.0161
a2,0,0,0,0,-0.00458,-0.0313,0.313,-0.0539,-0.136,-0.0161,1
