Cl_pop,0.124,-0.000102,0.00877,-0.0208,0,0,0,0,0,0,0
V1_pop,-0.000102,2.95,-0.243,4.03,0,0,0,0,0,0,0
Q_pop,0.00877,-0.243,1.52,-0.232,0,0,0,0,0,0,0
V2_pop,-0.0208,4.03,-0.232,13,0,0,0,0,0,0,0
omega_Cl,0,0,0,0,0.00234,3.61e-8,4.68e-8,-1.53e-6,-2.56e-6,-7.42e-8,-1.39e-6
omega_V1,0,0,0,0,3.61e-8,0.00412,0.000512,-0.000174,0.00403,-6.72e-7,-1.26e-5
corr_V2_V1,0,0,0,0,4.68e-8,0.000512,0.0434,0.00133,-0.0105,2.18e-5,0.000409
omega_Q,0,0,0,0,-1.53e-6,-0.000174,0.00133,0.0219,-0.000444,-2.67e-6,-5e-5
omega_V2,0,0,0,0,-2.56e-6,0.00403,-0.0105,-0.000444,0.02,-6.44e-6,-0.000121
a1,0,0,0,0,-7.42e-8,-6.72e-7,2.18e-5,-2.67e-6,-6.44e-6,0.000497,-2.25e-6
a2,0,0,0,0,-1.39e-6,-1.26e-5,0.000409,-5e-5,-0.000121,-2.25e-6,3.94e-5
