Cl_pop,1,-0.071729,0.032684,-0.082261,-0.0041707,0.080128,0.0057486,-0.077925,-0.0068411
V1_pop,-0.071729,1,0.046866,0.83436,0.0028931,-0.919,-0.059835,0.68959,0.20828
Q_pop,0.032684,0.046866,1,0.034087,0.01069,-0.045212,-0.019852,0.03124,0.014804
V2_pop,-0.082261,0.83436,0.034087,1,0.0045644,-0.90593,-0.10332,0.88175,0.23561
omega_Cl,-0.0041707,0.0028931,0.01069,0.0045644,1,-0.010091,0.010883,0.013471,-0.017361
omega_V1,0.080128,-0.919,-0.045212,-0.90593,-0.010091,1,0.11119,-0.86918,-0.2173
omega_Q,0.0057486,-0.059835,-0.019852,-0.10332,0.010883,0.11119,1,-0.15965,-0.087715
omega_V2,-0.077925,0.68959,0.03124,0.88175,0.013471,-0.86918,-0.15965,1,0.21442
b,-0.0068411,0.20828,0.014804,0.23561,-0.017361,-0.2173,-0.087715,0.21442,1
