Cl_pop,1,0.0038237,0.038507,-0.025523,-0.0073381,-0.015344,-0.0064799,0.00091358,0.010948
V1_pop,0.0038237,1,-0.010914,-0.10638,-0.018261,0.24816,-0.089135,-0.54039,0.0024242
Q_pop,0.038507,-0.010914,1,-0.083553,0.010317,-0.069825,-0.023605,0.030933,-9.7268e-5
V2_pop,-0.025523,-0.10638,-0.083553,1,-0.0057221,0.41734,0.037101,0.22351,0.11614
omega_Cl,-0.0073381,-0.018261,0.010317,-0.0057221,1,-0.012843,0.017696,0.013469,-0.01737
omega_V1,-0.015344,0.24816,-0.069825,0.41734,-0.012843,1,0.0047039,-0.49169,0.052819
omega_Q,-0.0064799,-0.089135,-0.023605,0.037101,0.017696,0.0047039,1,0.029326,-0.05737
omega_V2,0.00091358,-0.54039,0.030933,0.22351,0.013469,-0.49169,0.029326,1,0.03776
b,0.010948,0.0024242,-9.7268e-5,0.11614,-0.01737,0.052819,-0.05737,0.03776,1
