Cl_pop,0.51466,3.2341e-7,0.078966,-7.2541e-6,-0.00026658,-1.7038e-8,-0.0010857,3.6244e-9,6.465e-5
V1_pop,3.2341e-7,1.3901e-8,-3.6782e-6,-4.9689e-9,-1.0903e-7,4.5289e-11,-2.4544e-6,-3.5234e-10,2.3528e-9
Q_pop,0.078966,-3.6782e-6,8.1713,-9.4626e-5,0.0014934,-3.0896e-7,-0.015759,4.89e-7,-2.2888e-6
V2_pop,-7.2541e-6,-4.9689e-9,-9.4626e-5,1.5696e-7,-1.148e-7,2.5594e-10,3.4329e-6,4.897e-10,3.7876e-7
omega_Cl,-0.00026658,-1.0903e-7,0.0014934,-1.148e-7,0.0025642,-1.0067e-9,0.00020929,3.7717e-9,-7.2404e-6
omega_V1,-1.7038e-8,4.5289e-11,-3.0896e-7,2.5594e-10,-1.0067e-9,2.396e-12,1.7005e-9,-4.2088e-12,6.7301e-10
omega_Q,-0.0010857,-2.4544e-6,-0.015759,3.4329e-6,0.00020929,1.7005e-9,0.054547,3.7876e-8,-0.0001103
omega_V2,3.6244e-9,-3.5234e-10,4.89e-7,4.897e-10,3.7717e-9,-4.2088e-12,3.7876e-8,3.0582e-11,1.719e-9
b,6.465e-5,2.3528e-9,-2.2888e-6,3.7876e-7,-7.2404e-6,6.7301e-10,-0.0001103,1.719e-9,6.7762e-5
