Cl_pop,0.53713,0.012437,2.1354e-7,-0.44207,-0.00086086,0.00026638,1.4701e-8,-0.026644,0.00012368
V1_pop,0.012437,7.738,1.1155e-6,1.1491,0.0047139,-0.0039429,-4.3935e-8,0.13165,0.00035659
Q_pop,2.1354e-7,1.1155e-6,1.6385e-10,-7.6745e-6,5.7331e-8,1.0251e-7,7.1025e-12,-5.1369e-7,-1.0597e-8
V2_pop,-0.44207,1.1491,-7.6745e-6,115.02,0.019293,0.014046,-3.4503e-7,0.67535,-0.001481
omega_Cl,-0.00086086,0.0047139,5.7331e-8,0.019293,0.0027941,7.8144e-5,4.7464e-9,0.00029888,-1.9071e-5
omega_V1,0.00026638,-0.0039429,1.0251e-7,0.014046,7.8144e-5,0.0032895,1.2081e-8,-0.00073524,-0.00010725
omega_Q,1.4701e-8,-4.3935e-8,7.1025e-12,-3.4503e-7,4.7464e-9,1.2081e-8,7.9037e-13,-6.3536e-8,-6.8302e-10
omega_V2,-0.026644,0.13165,-5.1369e-7,0.67535,0.00029888,-0.00073524,-6.3536e-8,0.092475,-0.00013556
b,0.00012368,0.00035659,-1.0597e-8,-0.001481,-1.9071e-5,-0.00010725,-6.8302e-10,-0.00013556,8.2614e-5
