Cl_pop,1,-0.0046063,0.039522,-0.027458,0,0,0,0,0
V1_pop,-0.0046063,1,-0.36759,0.13867,0,0,0,0,0
Q_pop,0.039522,-0.36759,1,-0.1113,0,0,0,0,0
V2_pop,-0.027458,0.13867,-0.1113,1,0,0,0,0,0
omega_Cl,0,0,0,0,1,0.0012128,-0.00077895,-0.0054418,-0.0094296
omega_V1,0,0,0,0,0.0012128,1,-0.10542,-0.062418,-0.21817
omega_Q,0,0,0,0,-0.00077895,-0.10542,1,0.0098277,-0.083808
omega_V2,0,0,0,0,-0.0054418,-0.062418,0.0098277,1,-0.089814
b,0,0,0,0,-0.0094296,-0.21817,-0.083808,-0.089814,1
