Cl_pop,5.8304,0.13994,-6.7994,-1037.8,0.41131,0.018113,-2.0654,-0.20327,0.029435,-0.0030921,-0.0070726
V1_pop,0.13994,2.756,-0.18647,-12.245,0.0090731,0.0018115,-0.038505,-0.0074057,0.0033464,-0.0012787,0.00059664
Q_pop,-6.7994,-0.18647,8.2091,1220.1,-0.50609,-0.021622,2.4637,0.25047,-0.026846,0.0037527,0.0077633
V2_pop,-1037.8,-12.245,1220.1,1.8969e+5,-76.992,-3.1884,376.15,36.871,-4.4693,0.53537,1.2846
omega_Cl,0.41131,0.0090731,-0.50609,-76.992,0.051472,0.0010661,-0.18257,-0.018569,-0.00090184,-0.00025441,-0.00046854
omega_V1,0.018113,0.0018115,-0.021622,-3.1884,0.0010661,0.0028184,-0.0036794,-0.00056534,0.00021393,2.6117e-5,-5.2504e-5
corr_V2_V1,-2.0654,-0.038505,2.4637,376.15,-0.18257,-0.0036794,0.90708,0.083348,-0.0036908,0.0013838,0.0023145
omega_Q,-0.20327,-0.0074057,0.25047,36.871,-0.018569,-0.00056534,0.083348,0.01655,-0.0011563,0.00035702,-5.7844e-5
omega_V2,0.029435,0.0033464,-0.026846,-4.4693,-0.00090184,0.00021393,-0.0036908,-0.0011563,0.02254,2.8951e-5,-0.0001238
a1,-0.0030921,-0.0012787,0.0037527,0.53537,-0.00025441,2.6117e-5,0.0013838,0.00035702,2.8951e-5,0.00054884,-3.7867e-5
a2,-0.0070726,0.00059664,0.0077633,1.2846,-0.00046854,-5.2504e-5,0.0023145,-5.7844e-5,-0.0001238,-3.7867e-5,9.3478e-5
