Cl_pop,1,0.0075024,0.036487,-0.0039174,-0.0068895,0.0032002,-0.005882,-0.0028899,0.013049
V1_pop,0.0075024,1,0.038343,-0.20898,-0.029381,-0.041992,0.033438,-0.51678,-0.036258
Q_pop,0.036487,0.038343,1,-0.066285,0.0091801,0.04307,-0.018384,-0.025968,0.0013333
V2_pop,-0.0039174,-0.20898,-0.066285,1,-0.014023,-0.69386,0.035008,0.14603,0.053618
omega_Cl,-0.0068895,-0.029381,0.0091801,-0.014023,1,0.010993,0.015015,0.025498,-0.018676
omega_V1,0.0032002,-0.041992,0.04307,-0.69386,0.010993,1,-0.055667,-0.13678,-0.0040611
omega_Q,-0.005882,0.033438,-0.018384,0.035008,0.015015,-0.055667,1,-0.050846,-0.061727
omega_V2,-0.0028899,-0.51678,-0.025968,0.14603,0.025498,-0.13678,-0.050846,1,0.0011557
b,0.013049,-0.036258,0.0013333,0.053618,-0.018676,-0.0040611,-0.061727,0.0011557,1
