Cl_pop,0.51701,3.9188e-7,0.07386,-6.3852e-7,-0.0002522,2.7548e-9,-0.00099753,-3.2721e-9,7.7286e-5
V1_pop,3.9188e-7,5.2772e-9,7.8417e-6,-3.4414e-9,-1.0866e-7,-3.652e-12,5.7292e-7,-5.9115e-11,-2.1696e-8
Q_pop,0.07386,7.8417e-6,7.926,-4.2303e-5,0.0013158,1.4517e-7,-0.012207,-1.1512e-7,3.0919e-5
V2_pop,-6.3852e-7,-3.4414e-9,-4.2303e-5,5.1388e-8,-1.6183e-7,-1.8831e-10,1.8718e-6,5.2128e-11,1.0012e-7
omega_Cl,-0.0002522,-1.0866e-7,0.0013158,-1.6183e-7,0.0025918,6.7004e-10,0.0001803,2.0441e-9,-7.8317e-6
omega_V1,2.7548e-9,-3.652e-12,1.4517e-7,-1.8831e-10,6.7004e-10,1.4333e-12,-1.5719e-8,-2.5786e-13,-4.0048e-11
omega_Q,-0.00099753,5.7292e-7,-0.012207,1.8718e-6,0.0001803,-1.5719e-8,0.055631,-1.8885e-8,-0.00011992
omega_V2,-3.2721e-9,-5.9115e-11,-1.1512e-7,5.2128e-11,2.0441e-9,-2.5786e-13,-1.8885e-8,2.4796e-12,1.499e-11
b,7.7286e-5,-2.1696e-8,3.0919e-5,1.0012e-7,-7.8317e-6,-4.0048e-11,-0.00011992,1.499e-11,6.7851e-5
