Cl_pop,1,-0.0075189,0.028695,-0.013518,-0.00069648,0.0012971,0.007059,0.0029303,-0.0023422,-0.010914,0.010475
V1_pop,-0.0075189,1,-0.33344,0.96865,0.017872,-0.32348,-0.45181,-0.0099104,-0.28809,0.089217,-0.040703
Q_pop,0.028695,-0.33344,1,-0.34347,-0.0070863,0.23196,0.30194,0.089047,0.20909,-0.072713,0.012799
V2_pop,-0.013518,0.96865,-0.34347,1,0.021265,-0.3452,-0.50989,-0.0038306,-0.2929,0.11836,-0.092809
omega_Cl,-0.00069648,0.017872,-0.0070863,0.021265,1,-0.028247,-0.041664,0.018608,-0.030488,0.029205,-0.043311
omega_V1,0.0012971,-0.32348,0.23196,-0.3452,-0.028247,1,0.65127,-0.15099,0.98036,-0.1342,0.057493
corr_V2_V1,0.007059,-0.45181,0.30194,-0.50989,-0.041664,0.65127,1,-0.13123,0.61496,-0.23384,0.21274
omega_Q,0.0029303,-0.0099104,0.089047,-0.0038306,0.018608,-0.15099,-0.13123,1,-0.1752,0.044488,-0.10559
omega_V2,-0.0023422,-0.28809,0.20909,-0.2929,-0.030488,0.98036,0.61496,-0.1752,1,-0.12635,0.052311
a1,-0.010914,0.089217,-0.072713,0.11836,0.029205,-0.1342,-0.23384,0.044488,-0.12635,1,-0.15089
a2,0.010475,-0.040703,0.012799,-0.092809,-0.043311,0.057493,0.21274,-0.10559,0.052311,-0.15089,1
