Cl_pop,0.124,-0.000119,0.00873,-0.0106,0,0,0,0,0,0,0
V1_pop,-0.000119,2.87,-0.278,3.09,0,0,0,0,0,0,0
Q_pop,0.00873,-0.278,1.69,-0.213,0,0,0,0,0,0,0
V2_pop,-0.0106,3.09,-0.213,9.53,0,0,0,0,0,0,0
omega_Cl,0,0,0,0,0.00234,4.22e-8,-8.03e-6,-1.36e-6,-2.28e-7,-7.29e-8,-1.37e-6
omega_V1,0,0,0,0,4.22e-8,0.00404,0.000801,-0.000214,0.00313,-6.55e-7,-1.24e-5
corr_V2_V1,0,0,0,0,-8.03e-6,0.000801,0.0889,0.00199,-0.0182,3.26e-5,0.000616
omega_Q,0,0,0,0,-1.36e-6,-0.000214,0.00199,0.0237,-0.000515,-2.59e-6,-4.89e-5
omega_V2,0,0,0,0,-2.28e-7,0.00313,-0.0182,-0.000515,0.0183,-7.66e-6,-0.000145
a1,0,0,0,0,-7.29e-8,-6.55e-7,3.26e-5,-2.59e-6,-7.66e-6,0.000497,-2.11e-6
a2,0,0,0,0,-1.37e-6,-1.24e-5,0.000616,-4.89e-5,-0.000145,-2.11e-6,3.86e-5
