Cl_pop,0.00327,0.00161,-4.01e-05,0.000456,-0.000122,5.18e-10,3.57e-06,-2.11e-05,0.000402,6.01e-05,-0.000433,-1.31e-05,8.32e-06
beta_Cl_logtCLCRMLMIN,0.00161,0.0608,0.000161,-0.000323,0.000548,-4.36e-09,3.03e-05,9.04e-05,0.00196,-8.7e-05,0.00138,8.2e-05,-1.05e-05
V1_pop,-4.01e-05,0.000161,0.00766,-0.00451,0.00804,-3.57e-09,1.21e-05,-0.000167,-0.00178,-0.00196,0.00152,-1.23e-05,1.23e-05
Q_pop,0.000456,-0.000323,-0.00451,0.0468,-0.00367,1.01e-08,4.72e-05,-0.00084,0.00585,0.00942,-0.00863,-7.34e-05,1.4e-05
V2_pop,-0.000122,0.000548,0.00804,-0.00367,0.0197,-1.02e-08,3.65e-05,0.000614,0.000855,0.000363,0.00432,5.44e-05,-1.24e-05
bias_pop,5.18e-10,-4.36e-09,-3.57e-09,1.01e-08,-1.02e-08,1.5e-13,-2.11e-10,-4.18e-09,-6.69e-09,5.92e-09,-5.06e-08,-6.67e-10,2.93e-10
omega_Cl,3.57e-06,3.03e-05,1.21e-05,4.72e-05,3.65e-05,-2.11e-10,0.00168,-3e-05,-0.000104,9.11e-05,-4.37e-05,2.29e-05,-1.23e-05
omega_V1,-2.11e-05,9.04e-05,-0.000167,-0.00084,0.000614,-4.18e-09,-3e-05,0.00547,0.00706,-0.00167,0.00657,2.03e-05,-4.49e-06
corr_V2_V1,0.000402,0.00196,-0.00178,0.00585,0.000855,-6.69e-09,-0.000104,0.00706,0.108,-4.14e-05,0.000186,-0.000389,0.00092
omega_Q,6.01e-05,-8.7e-05,-0.00196,0.00942,0.000363,5.92e-09,9.11e-05,-0.00167,-4.14e-05,0.0255,-0.00809,3.51e-05,-3.6e-05
omega_V2,-0.000433,0.00138,0.00152,-0.00863,0.00432,-5.06e-08,-4.37e-05,0.00657,0.000186,-0.00809,0.0394,0.00024,-0.000193
a1,-1.31e-05,8.2e-05,-1.23e-05,-7.34e-05,5.44e-05,-6.67e-10,2.29e-05,2.03e-05,-0.000389,3.51e-05,0.00024,0.000534,-2.11e-05
a2,8.32e-06,-1.05e-05,1.23e-05,1.4e-05,-1.24e-05,2.93e-10,-1.23e-05,-4.49e-06,0.00092,-3.6e-05,-0.000193,-2.11e-05,4.97e-05
