Cl_pop,1,-0.024948,-0.97447,-0.01683,0.02817,0.015222,-0.0071877,0.038681,0.059672,0.011169,0.028921,-0.0061945,-0.0045434
beta_Cl_logtWTKG,-0.024948,1,0.041328,0.0096003,-0.0065535,-0.0052275,0.0029001,-0.0065331,-0.016233,0.0022939,-0.0029612,-0.010987,0.0029898
beta_Cl_tCLCRMLMIN,-0.97447,0.041328,1,0.017411,-0.01887,-0.021449,0.0033696,-0.042832,-0.067741,-0.0096855,-0.029821,0.00049265,0.011151
V1_pop,-0.01683,0.0096003,0.017411,1,-0.033393,0.86374,0.020886,-0.10078,-0.011936,-0.036509,-0.072185,-0.050886,0.070432
Q_pop,0.02817,-0.0065535,-0.01887,-0.033393,1,0.069643,0.00077955,0.079996,0.23146,0.072403,0.092496,0.0016344,-0.052141
V2_pop,0.015222,-0.0052275,-0.021449,0.86374,0.069643,1,0.020326,0.056403,0.43501,0.0069171,0.025454,0.016078,-0.034985
omega_Cl,-0.0071877,0.0029001,0.0033696,0.020886,0.00077955,0.020326,1,-0.030171,0.00014939,-0.0081679,-0.027409,0.036583,-0.050547
omega_V1,0.038681,-0.0065331,-0.042832,-0.10078,0.079996,0.056403,-0.030171,1,0.40189,0.037192,0.96656,0.065284,-0.14049
corr_V2_V1,0.059672,-0.016233,-0.067741,-0.011936,0.23146,0.43501,0.00014939,0.40189,1,0.082359,0.34094,0.073616,-0.15781
omega_Q,0.011169,0.0022939,-0.0096855,-0.036509,0.072403,0.0069171,-0.0081679,0.037192,0.082359,1,0.053298,0.031024,-0.12454
omega_V2,0.028921,-0.0029612,-0.029821,-0.072185,0.092496,0.025454,-0.027409,0.96656,0.34094,0.053298,1,0.033351,-0.10336
a1,-0.0061945,-0.010987,0.00049265,-0.050886,0.0016344,0.016078,0.036583,0.065284,0.073616,0.031024,0.033351,1,-0.16905
a2,-0.0045434,0.0029898,0.011151,0.070432,-0.052141,-0.034985,-0.050547,-0.14049,-0.15781,-0.12454,-0.10336,-0.16905,1
