Cl_pop,1,-0.013424,0.032892,-0.0137,-0.0051638,-0.010833,-0.013558,0.012414,-0.016714,-0.0097504,0.0088163
V1_pop,-0.013424,1,-0.25422,0.95161,0.00049044,0.069953,0.17516,-0.19314,0.17368,-0.0049421,0.078646
Q_pop,0.032892,-0.25422,1,-0.24953,0.0071665,-0.05683,-0.12955,0.21636,-0.096994,-0.00311,-0.063431
V2_pop,-0.0137,0.95161,-0.24953,1,0.00057045,0.11566,0.27398,-0.24028,0.29733,-0.00035469,0.11061
omega_Cl,-0.0051638,0.00049044,0.0071665,0.00057045,1,-0.0097158,-0.0083479,0.013661,-0.003837,0.022694,-0.03103
omega_V1,-0.010833,0.069953,-0.05683,0.11566,-0.0097158,1,0.47845,-0.26111,0.89836,0.014492,-0.063277
corr_V2_V1,-0.013558,0.17516,-0.12955,0.27398,-0.0083479,0.47845,1,-0.34846,0.58328,-0.0073885,0.097614
omega_Q,0.012414,-0.19314,0.21636,-0.24028,0.013661,-0.26111,-0.34846,1,-0.3412,0.0072927,-0.11764
omega_V2,-0.016714,0.17368,-0.096994,0.29733,-0.003837,0.89836,0.58328,-0.3412,1,0.037102,-0.016921
a1,-0.0097504,-0.0049421,-0.00311,-0.00035469,0.022694,0.014492,-0.0073885,0.0072927,0.037102,1,-0.094513
a2,0.0088163,0.078646,-0.063431,0.11061,-0.03103,-0.063277,0.097614,-0.11764,-0.016921,-0.094513,1
