Cl_pop,0.49348,-0.031494,0.064742,-0.057228,-0.00017572,-0.00053564,-4.254e-5,0.0015804,-0.0014047,-0.00015573,3.9296e-5
V1_pop,-0.031494,11.153,-2.3789,18.897,7.9342e-5,0.016443,0.0026127,-0.1169,0.069394,-0.00037525,0.0016665
Q_pop,0.064742,-2.3789,7.8511,-4.1575,0.00097273,-0.011208,-0.0016214,0.10987,-0.032516,-0.00019812,-0.0011277
V2_pop,-0.057228,18.897,-4.1575,35.357,0.00016432,0.048407,0.0072767,-0.25894,0.21152,-4.795e-5,0.004173
omega_Cl,-0.00017572,7.9342e-5,0.00097273,0.00016432,0.0023466,-3.3127e-5,-1.8062e-6,0.00011993,-2.2238e-5,2.4994e-5,-9.5374e-6
omega_V1,-0.00053564,0.016443,-0.011208,0.048407,-3.3127e-5,0.0049541,0.00015042,-0.0033308,0.0075652,2.3191e-5,-2.8259e-5
corr_V2_V1,-4.254e-5,0.0026127,-0.0016214,0.0072767,-1.8062e-6,0.00015042,1.995e-5,-0.00028207,0.0003117,-7.503e-7,2.7664e-6
omega_Q,0.0015804,-0.1169,0.10987,-0.25894,0.00011993,-0.0033308,-0.00028207,0.032845,-0.0073982,3.0049e-5,-0.00013527
omega_V2,-0.0014047,0.069394,-0.032516,0.21152,-2.2238e-5,0.0075652,0.0003117,-0.0073982,0.014314,0.00010092,-1.2845e-5
a1,-0.00015573,-0.00037525,-0.00019812,-4.795e-5,2.4994e-5,2.3191e-5,-7.503e-7,3.0049e-5,0.00010092,0.0005169,-1.3634e-5
a2,3.9296e-5,0.0016665,-0.0011277,0.004173,-9.5374e-6,-2.8259e-5,2.7664e-6,-0.00013527,-1.2845e-5,-1.3634e-5,4.0258e-5
