Cl_pop,1,-0.010444,0.037237,-0.01127,-0.0047704,0.013065,-0.0044213,-0.0087829,0.014545
V1_pop,-0.010444,1,-0.04426,0.3907,-0.0039252,-0.46899,0.03438,0.17369,-0.025605
Q_pop,0.037237,-0.04426,1,-0.046809,0.008828,0.047448,-0.020823,-0.034272,0.013631
V2_pop,-0.01127,0.3907,-0.046809,1,-0.0037827,-0.10371,-0.0084944,0.37515,-0.034108
omega_Cl,-0.0047704,-0.0039252,0.008828,-0.0037827,1,-0.0062412,0.014997,0.013957,-0.019239
omega_V1,0.013065,-0.46899,0.047448,-0.10371,-0.0062412,1,-0.050332,0.074918,0.051625
omega_Q,-0.0044213,0.03438,-0.020823,-0.0084944,0.014997,-0.050332,1,-0.038112,-0.0657
omega_V2,-0.0087829,0.17369,-0.034272,0.37515,0.013957,0.074918,-0.038112,1,-0.020332
b,0.014545,-0.025605,0.013631,-0.034108,-0.019239,0.051625,-0.0657,-0.020332,1
