Cl_pop,1,-0.0041426,0.036949,-0.011064,-0.006563,0.023438,-0.004011,0.024584,0.013767
V1_pop,-0.0041426,1,-0.0046081,0.75816,-0.0029155,-0.32097,-0.041026,-0.41851,-0.067746
Q_pop,0.036949,-0.0046081,1,-0.024901,0.0082974,0.026375,-0.03296,0.012481,0.013189
V2_pop,-0.011064,0.75816,-0.024901,1,-0.0090759,-0.47973,-0.040358,-0.53084,-0.065603
omega_Cl,-0.006563,-0.0029155,0.0082974,-0.0090759,1,-0.0090707,0.015619,0.00069331,-0.018832
omega_V1,0.023438,-0.32097,0.026375,-0.47973,-0.0090707,1,-0.010135,0.59368,0.069304
omega_Q,-0.004011,-0.041026,-0.03296,-0.040358,0.015619,-0.010135,1,0.040922,-0.057316
omega_V2,0.024584,-0.41851,0.012481,-0.53084,0.00069331,0.59368,0.040922,1,0.058623
b,0.013767,-0.067746,0.013189,-0.065603,-0.018832,0.069304,-0.057316,0.058623,1
