Cl_pop,0.0874,0.00829,-0.000626,0.0107,0.000985,0,0,0,0,0,0,0
beta_Cl_logtCLCRMLMIN,0.00829,0.0585,0.00244,-0.00105,0.00683,0,0,0,0,0,0,0
V1_pop,-0.000626,0.00244,3,-0.403,2.62,0,0,0,0,0,0,0
Q_pop,0.0107,-0.00105,-0.403,1.42,-0.384,0,0,0,0,0,0,0
V2_pop,0.000985,0.00683,2.62,-0.384,5.36,0,0,0,0,0,0,0
omega_Cl,0,0,0,0,0,0.00158,4.13e-7,-2.35e-5,-1.69e-6,4.53e-6,-1.29e-7,-1.94e-6
omega_V1,0,0,0,0,0,4.13e-7,0.00404,0.000152,-0.000435,0.0034,-1.13e-6,-1.7e-5
corr_V2_V1,0,0,0,0,0,-2.35e-5,0.000152,0.071,0.000386,-0.0168,4.33e-5,0.000651
omega_Q,0,0,0,0,0,-1.69e-6,-0.000435,0.000386,0.0251,-0.000527,-7.17e-6,-0.000108
omega_V2,0,0,0,0,0,4.53e-6,0.0034,-0.0168,-0.000527,0.0157,-1.13e-5,-0.00017
a1,0,0,0,0,0,-1.29e-7,-1.13e-6,4.33e-5,-7.17e-6,-1.13e-5,0.00049,-1.97e-6
a2,0,0,0,0,0,-1.94e-6,-1.7e-5,0.000651,-0.000108,-0.00017,-1.97e-6,4.31e-5
