Cl_pop,1.586,-0.012559,-0.27032,-0.20616,0.13059,-0.68681,0.00069246,-0.0011988,-0.00021066,0.012556,-0.0014294,-0.00028836,0.00039074
beta_Cl_logtWTKG,-0.012559,0.12195,0.0036099,0.0078102,0.0035635,0.058753,-0.00011473,0.001591,0.00040767,0.0013785,0.0015171,-0.00019562,-8.781e-5
beta_Cl_tCLCRMLMIN,-0.27032,0.0036099,0.048527,0.028758,-0.015026,0.1012,-9.8414e-5,0.00027446,6.6004e-5,-0.0015434,0.0002973,2.5401e-5,-6.0561e-5
V1_pop,-0.20616,0.0078102,0.028758,12.479,-2.3452,21.038,-0.0062556,0.025042,0.0029219,-0.27697,0.025739,-0.0031441,-0.0017248
Q_pop,0.13059,0.0035635,-0.015026,-2.3452,4.0136,-4.7158,0.0037673,-0.0085322,-0.00047128,0.15759,-0.009133,0.00018877,0.0012763
V2_pop,-0.68681,0.058753,0.1012,21.038,-4.7158,42.236,-0.02207,0.047831,0.0050798,-0.52134,0.055032,-0.0048636,-0.007829
omega_Cl,0.00069246,-0.00011473,-9.8414e-5,-0.0062556,0.0037673,-0.02207,0.0013799,-8.6203e-5,-1.4818e-5,0.00040804,-9.6637e-5,3.7465e-5,-9.9293e-7
omega_V1,-0.0011988,0.001591,0.00027446,0.025042,-0.0085322,0.047831,-8.6203e-5,0.0030626,0.00026854,-0.0009758,0.002872,-9.9452e-5,-4.9283e-5
corr_V2_V1,-0.00021066,0.00040767,6.6004e-5,0.0029219,-0.00047128,0.0050798,-1.4818e-5,0.00026854,6.9837e-5,6.6609e-6,0.00024895,-2.9804e-5,-9.2538e-6
omega_Q,0.012556,0.0013785,-0.0015434,-0.27697,0.15759,-0.52134,0.00040804,-0.0009758,6.6609e-6,0.037682,-0.00099867,8.3603e-5,4.5681e-5
omega_V2,-0.0014294,0.0015171,0.0002973,0.025739,-0.009133,0.055032,-9.6637e-5,0.002872,0.00024895,-0.00099867,0.002755,-9.117e-5,-5.1425e-5
a1,-0.00028836,-0.00019562,2.5401e-5,-0.0031441,0.00018877,-0.0048636,3.7465e-5,-9.9452e-5,-2.9804e-5,8.3603e-5,-9.117e-5,0.00053269,-9.9085e-6
a2,0.00039074,-8.781e-5,-6.0561e-5,-0.0017248,0.0012763,-0.007829,-9.9293e-7,-4.9283e-5,-9.2538e-6,4.5681e-5,-5.1425e-5,-9.9085e-6,4.7098e-5
