Cl_pop,0.53731,1.8262e-6,0.067278,7.7112e-7,-0.00024967,1.0035e-8,-0.00016638,-5.9818e-9,9.0057e-5
V1_pop,1.8262e-6,2.1486e-8,1.12e-5,1.8669e-8,-5.205e-7,-6.514e-13,4.1114e-6,-6.2625e-11,4.2552e-8
Q_pop,0.067278,1.12e-5,6.2203,8.428e-6,0.00079048,3.7914e-8,-0.021952,-3.5035e-8,0.00021356
V2_pop,7.7112e-7,1.8669e-8,8.428e-6,3.89e-8,-1.2429e-6,-2.4185e-10,5.6237e-7,-4.8521e-11,-2.2105e-8
omega_Cl,-0.00024967,-5.205e-7,0.00079048,-1.2429e-6,0.0027799,9.9533e-9,0.0001647,1.1312e-9,-7.3488e-6
omega_V1,1.0035e-8,-6.514e-13,3.7914e-8,-2.4185e-10,9.9533e-9,3.5614e-12,2.7917e-8,-1.6707e-13,9.1015e-10
omega_Q,-0.00016638,4.1114e-6,-0.021952,5.6237e-7,0.0001647,2.7917e-8,0.055432,-1.4432e-8,-0.00012871
omega_V2,-5.9818e-9,-6.2625e-11,-3.5035e-8,-4.8521e-11,1.1312e-9,-1.6707e-13,-1.4432e-8,2.7722e-13,-9.7003e-11
b,9.0057e-5,4.2552e-8,0.00021356,-2.2105e-8,-7.3488e-6,9.1015e-10,-0.00012871,-9.7003e-11,6.9122e-5
