Cl_pop,0.51865,3.3139e-6,0.077443,-1.0723e-6,-5.0731e-5,-1.4993e-8,-0.00038353,3.4589e-9,6.142e-5
V1_pop,3.3139e-6,2.5828e-8,2.1609e-5,-6.4697e-9,3.207e-7,-4.1242e-11,4.686e-6,2.5103e-11,-9.3433e-8
Q_pop,0.077443,2.1609e-5,7.9395,-6.9194e-6,0.0018501,-1.1442e-7,-0.0044591,2.6991e-8,0.00010658
V2_pop,-1.0723e-6,-6.4697e-9,-6.9194e-6,2.2552e-9,-1.1038e-7,2.5174e-11,-7.4757e-7,-6.4809e-12,2.8204e-8
omega_Cl,-5.0731e-5,3.207e-7,0.0018501,-1.1038e-7,0.0026,-1.7435e-9,0.00021113,3.4415e-10,-7.9223e-6
omega_V1,-1.4993e-8,-4.1242e-11,-1.1442e-7,2.5174e-11,-1.7435e-9,1.1825e-12,1.6257e-8,-8.16e-14,-1.2604e-10
omega_Q,-0.00038353,4.686e-6,-0.0044591,-7.4757e-7,0.00021113,1.6257e-8,0.054498,3.6125e-9,-0.00013061
omega_V2,3.4589e-9,2.5103e-11,2.6991e-8,-6.4809e-12,3.4415e-10,-8.16e-14,3.6125e-9,5.4016e-14,-5.4276e-11
b,6.142e-5,-9.3433e-8,0.00010658,2.8204e-8,-7.9223e-6,-1.2604e-10,-0.00013061,-5.4276e-11,6.7449e-5
