Cl_pop,0.0862,0.00817,-0.00028,0.0115,0.0033,0,0,0,0,0,0,0
beta_Cl_logtCLCRMLMIN,0.00817,0.0576,0.00251,-0.00124,0.00639,0,0,0,0,0,0,0
V1_pop,-0.00028,0.00251,2.77,-0.449,2.16,0,0,0,0,0,0,0
Q_pop,0.0115,-0.00124,-0.449,1.85,-0.311,0,0,0,0,0,0,0
V2_pop,0.0033,0.00639,2.16,-0.311,4.75,0,0,0,0,0,0,0
omega_Cl,0,0,0,0,0,0.00156,4.22e-7,-3.1e-5,-1.54e-6,5.14e-6,-1.37e-7,-2.04e-6
omega_V1,0,0,0,0,0,4.22e-7,0.00397,0.000336,-0.000478,0.0028,-1.19e-6,-1.76e-5
corr_V2_V1,0,0,0,0,0,-3.1e-5,0.000336,0.122,0.0011,-0.0246,5.91e-5,0.000879
omega_Q,0,0,0,0,0,-1.54e-6,-0.000478,0.0011,0.0266,-0.000407,-6.51e-6,-9.69e-5
omega_V2,0,0,0,0,0,5.14e-6,0.0028,-0.0246,-0.000407,0.0159,-1.33e-5,-0.000198
a1,0,0,0,0,0,-1.37e-7,-1.19e-6,5.91e-5,-6.51e-6,-1.33e-5,0.000492,-2.06e-6
a2,0,0,0,0,0,-2.04e-6,-1.76e-5,0.000879,-9.69e-5,-0.000198,-2.06e-6,4.46e-5
