Cl_pop,0.0874,0.00828,0.000229,0.00987,-0.00264,0,0,0,0,0,0,0
beta_Cl_logtCLCRMLMIN,0.00828,0.0585,0.00264,-0.00108,0.00733,0,0,0,0,0,0,0
V1_pop,0.000229,0.00264,2.59,-0.344,2.19,0,0,0,0,0,0,0
Q_pop,0.00987,-0.00108,-0.344,1.44,-0.389,0,0,0,0,0,0,0
V2_pop,-0.00264,0.00733,2.19,-0.389,6.58,0,0,0,0,0,0,0
omega_Cl,0,0,0,0,0,0.00158,4e-7,-4.01e-5,-1.56e-6,6.03e-6,-1.36e-7,-2.05e-6
omega_V1,0,0,0,0,0,4e-7,0.00356,0.0011,-0.000365,0.00249,-1.16e-6,-1.76e-5
corr_V2_V1,0,0,0,0,0,-4.01e-5,0.0011,0.29,0.00143,-0.0539,8.68e-5,0.00131
omega_Q,0,0,0,0,0,-1.56e-6,-0.000365,0.00143,0.0251,-0.000635,-5.39e-6,-8.13e-5
omega_V2,0,0,0,0,0,6.03e-6,0.00249,-0.0539,-0.000635,0.0236,-1.72e-5,-0.00026
a1,0,0,0,0,0,-1.36e-7,-1.16e-6,8.68e-5,-5.39e-6,-1.72e-5,0.000489,-2.21e-6
a2,0,0,0,0,0,-2.05e-6,-1.76e-5,0.00131,-8.13e-5,-0.00026,-2.21e-6,4.48e-5
