Cl_pop,1,0.0482,0.542,-0.129,0.211,0.0703,nan,nan,nan,0.0698,nan,nan,0.07,nan,0.0688,0.00891,-0.083
beta_Cl_logtCLCRMLMIN,0.0482,1,-0.0201,0.107,-0.216,0.168,nan,nan,nan,0.166,nan,nan,0.167,nan,0.163,0.0441,-0.222
V1_pop,0.542,-0.0201,1,0.551,0.5,-0.0431,nan,nan,nan,-0.0429,nan,nan,-0.043,nan,-0.0424,-0.0192,0.0186
Q_pop,-0.129,0.107,0.551,1,-0.258,0.17,nan,nan,nan,0.169,nan,nan,0.17,nan,0.168,0.0135,-0.172
V2_pop,0.211,-0.216,0.5,-0.258,1,-0.356,nan,nan,nan,-0.354,nan,nan,-0.355,nan,-0.351,-0.058,0.328
omega_Cl,0.0703,0.168,-0.0431,0.17,-0.356,1,nan,nan,nan,1,nan,nan,1,nan,1,0.0485,-0.288
corr_V1_Cl,nan,nan,nan,nan,nan,nan,nan,nan,nan,nan,nan,nan,nan,nan,nan,nan,nan
corr_Q_Cl,nan,nan,nan,nan,nan,nan,nan,nan,nan,nan,nan,nan,nan,nan,nan,nan,nan
corr_V2_Cl,nan,nan,nan,nan,nan,nan,nan,nan,nan,nan,nan,nan,nan,nan,nan,nan,nan
omega_V1,0.0698,0.166,-0.0429,0.169,-0.354,1,nan,nan,nan,1,nan,nan,1,nan,1,0.0481,-0.286
corr_V1_Q,nan,nan,nan,nan,nan,nan,nan,nan,nan,nan,nan,nan,nan,nan,nan,nan,nan
corr_V2_V1,nan,nan,nan,nan,nan,nan,nan,nan,nan,nan,nan,nan,nan,nan,nan,nan,nan
omega_Q,0.07,0.167,-0.043,0.17,-0.355,1,nan,nan,nan,1,nan,nan,1,nan,1,0.0483,-0.287
corr_V2_Q,nan,nan,nan,nan,nan,nan,nan,nan,nan,nan,nan,nan,nan,nan,nan,nan,nan
omega_V2,0.0688,0.163,-0.0424,0.168,-0.351,1,nan,nan,nan,1,nan,nan,1,nan,1,0.0474,-0.282
a1,0.00891,0.0441,-0.0192,0.0135,-0.058,0.0485,nan,nan,nan,0.0481,nan,nan,0.0483,nan,0.0474,1,-0.0955
a2,-0.083,-0.222,0.0186,-0.172,0.328,-0.288,nan,nan,nan,-0.286,nan,nan,-0.287,nan,-0.282,-0.0955,1
