Cl_pop,0.00259,1.09e-6,0.00207,-0.000738,0.00317,9.8e-5,nan,nan,nan,0.000144,nan,nan,0.000206,nan,0.000348,1.02e-5,-3.16e-5
beta_Cl_logtCLCRMLMIN,1.09e-6,1.99e-7,-6.7e-7,5.34e-6,-2.84e-5,2.05e-6,nan,nan,nan,2.99e-6,nan,nan,4.3e-6,nan,7.19e-6,4.44e-7,-7.37e-7
V1_pop,0.00207,-6.7e-7,0.00563,0.00463,0.0111,-8.85e-5,nan,nan,nan,-0.00013,nan,nan,-0.000186,nan,-0.000316,-3.26e-5,1.04e-5
Q_pop,-0.000738,5.34e-6,0.00463,0.0126,-0.00855,0.000522,nan,nan,nan,0.000765,nan,nan,0.0011,nan,0.00187,3.41e-5,-0.000144
V2_pop,0.00317,-2.84e-5,0.0111,-0.00855,0.0875,-0.00289,nan,nan,nan,-0.00423,nan,nan,-0.00607,nan,-0.0103,-0.000387,0.000725
omega_Cl,9.8e-5,2.05e-6,-8.85e-5,0.000522,-0.00289,0.00075,nan,nan,nan,0.00111,nan,nan,0.00158,nan,0.00272,3e-5,-5.9e-5
corr_V1_Cl,nan,nan,nan,nan,nan,nan,nan,nan,nan,nan,nan,nan,nan,nan,nan,nan,nan
corr_Q_Cl,nan,nan,nan,nan,nan,nan,nan,nan,nan,nan,nan,nan,nan,nan,nan,nan,nan
corr_V2_Cl,nan,nan,nan,nan,nan,nan,nan,nan,nan,nan,nan,nan,nan,nan,nan,nan,nan
omega_V1,0.000144,2.99e-6,-0.00013,0.000765,-0.00423,0.00111,nan,nan,nan,0.00163,nan,nan,0.00233,nan,0.00401,4.39e-5,-8.64e-5
corr_V1_Q,nan,nan,nan,nan,nan,nan,nan,nan,nan,nan,nan,nan,nan,nan,nan,nan,nan
corr_V2_V1,nan,nan,nan,nan,nan,nan,nan,nan,nan,nan,nan,nan,nan,nan,nan,nan,nan
omega_Q,0.000206,4.3e-6,-0.000186,0.0011,-0.00607,0.00158,nan,nan,nan,0.00233,nan,nan,0.00334,nan,0.00574,6.29e-5,-0.000124
corr_V2_Q,nan,nan,nan,nan,nan,nan,nan,nan,nan,nan,nan,nan,nan,nan,nan,nan,nan
omega_V2,0.000348,7.19e-6,-0.000316,0.00187,-0.0103,0.00272,nan,nan,nan,0.00401,nan,nan,0.00574,nan,0.00987,0.000106,-0.000209
a1,1.02e-5,4.44e-7,-3.26e-5,3.41e-5,-0.000387,3e-5,nan,nan,nan,4.39e-5,nan,nan,6.29e-5,nan,0.000106,0.000509,-1.61e-5
a2,-3.16e-5,-7.37e-7,1.04e-5,-0.000144,0.000725,-5.9e-5,nan,nan,nan,-8.64e-5,nan,nan,-0.000124,nan,-0.000209,-1.61e-5,5.58e-5
