Cl_pop,1,0.016391,0.027796,-0.029518,0,0,0,0,0
V1_pop,0.016391,1,-0.21117,0.2301,0,0,0,0,0
Q_pop,0.027796,-0.21117,1,-0.097882,0,0,0,0,0
V2_pop,-0.029518,0.2301,-0.097882,1,0,0,0,0,0
omega_Cl,0,0,0,0,1,0.00071352,-0.00042234,-0.0019818,-0.0083901
omega_V1,0,0,0,0,0.00071352,1,-0.019637,-0.00083801,-0.26753
omega_Q,0,0,0,0,-0.00042234,-0.019637,1,0.01226,-0.056547
omega_V2,0,0,0,0,-0.0019818,-0.00083801,0.01226,1,-0.28512
b,0,0,0,0,-0.0083901,-0.26753,-0.056547,-0.28512,1
