Cl_pop,0.52424,-2.0046e-7,0.071953,-5.2029e-7,-8.4394e-5,9.2856e-10,-0.00060931,2.7533e-9,4.8391e-5
V1_pop,-2.0046e-7,1.0028e-9,-2.4517e-6,1.7425e-9,-1.1782e-7,-5.9976e-12,-3.2393e-7,-7.7954e-12,8.9297e-8
Q_pop,0.071953,-2.4517e-6,7.0811,-7.466e-6,0.001981,1.8175e-8,-0.0095056,4.0807e-8,-0.00021263
V2_pop,-5.2029e-7,1.7425e-9,-7.466e-6,3.3854e-9,-2.538e-7,-1.1207e-11,-6.0218e-7,-1.5463e-11,1.7689e-7
omega_Cl,-8.4394e-5,-1.1782e-7,0.001981,-2.538e-7,0.0026411,7.6741e-10,0.00020882,1.1812e-9,-2.0721e-5
omega_V1,9.2856e-10,-5.9976e-12,1.8175e-8,-1.1207e-11,7.6741e-10,5.242e-14,3.0194e-9,4.9822e-14,-5.6158e-10
omega_Q,-0.00060931,-3.2393e-7,-0.0095056,-6.0218e-7,0.00020882,3.0194e-9,0.052884,2.6868e-9,-0.00014818
omega_V2,2.7533e-9,-7.7954e-12,4.0807e-8,-1.5463e-11,1.1812e-9,4.9822e-14,2.6868e-9,7.5667e-14,-8.0043e-10
b,4.8391e-5,8.9297e-8,-0.00021263,1.7689e-7,-2.0721e-5,-5.6158e-10,-0.00014818,-8.0043e-10,7.727e-5
