Cl_pop,0.53493,-0.056302,0.071256,nan,-2.6653e-9,-9.7926e-9,-0.00015085,-0.00080907,0.0040017,5.2919e-9,-2.956e-9,-7.5692e-9,6.588e-6
V1_pop,-0.056302,12.783,-3.0252,nan,1.158e-7,4.3697e-7,0.00058077,0.039714,-0.30211,-2.3055e-7,1.2886e-7,3.3489e-7,0.00032958
Q2_pop,0.071256,-3.0252,6.052,nan,-7.8142e-8,-2.8378e-7,0.00017555,-0.031723,0.19204,1.5599e-7,-8.7991e-8,-2.174e-7,6.0673e-5
V2_pop,nan,nan,nan,nan,nan,nan,nan,nan,nan,nan,nan,nan,nan
Q3_pop,-2.6653e-9,1.158e-7,-7.8142e-8,nan,5.9963e-15,2.1214e-14,3.0456e-13,1.6477e-9,-7.4021e-9,-1.0579e-14,5.6363e-15,1.6178e-14,3.5392e-11
V3_pop,-9.7926e-9,4.3697e-7,-2.8378e-7,nan,2.1214e-14,9.936e-14,6.7193e-11,6.864e-9,-2.7222e-8,-4.5174e-14,2.4227e-14,7.2496e-14,2.1265e-10
omega_Cl,-0.00015085,0.00058077,0.00017555,nan,3.0456e-13,6.7193e-11,0.0025587,2.9655e-6,1.2427e-5,-4.356e-11,3.7591e-11,4.0475e-11,-7.4092e-7
omega_V1,-0.00080907,0.039714,-0.031723,nan,1.6477e-9,6.864e-9,2.9655e-6,0.0039785,-0.003315,-3.4769e-9,1.8756e-9,4.975e-9,-5.7687e-6
omega_Q2,0.0040017,-0.30211,0.19204,nan,-7.4021e-9,-2.7222e-8,1.2427e-5,-0.003315,0.045926,1.5335e-8,-8.8506e-9,-2.1018e-8,-4.0812e-5
omega_V2,5.2919e-9,-2.3055e-7,1.5599e-7,nan,-1.0579e-14,-4.5174e-14,-4.356e-11,-3.4769e-9,1.5335e-8,2.3152e-14,-1.2567e-14,-3.3611e-14,-7.3222e-11
omega_Q3,-2.956e-9,1.2886e-7,-8.7991e-8,nan,5.6363e-15,2.4227e-14,3.7591e-11,1.8756e-9,-8.8506e-9,-1.2567e-14,8.1767e-15,1.8082e-14,2.9605e-11
omega_V3,-7.5692e-9,3.3489e-7,-2.174e-7,nan,1.6178e-14,7.2496e-14,4.0475e-11,4.975e-9,-2.1018e-8,-3.3611e-14,1.8082e-14,5.5708e-14,1.5649e-10
a,6.588e-6,0.00032958,6.0673e-5,nan,3.5392e-11,2.1265e-10,-7.4092e-7,-5.7687e-6,-4.0812e-5,-7.3222e-11,2.9605e-11,1.5649e-10,3.4904e-5
