Cl_pop,0.53023,0.020989,0.057296,-0.19614,0,0,0,0,0
V1_pop,0.020989,3.5522,-1.1129,3.7061,0,0,0,0,0
Q_pop,0.057296,-1.1129,8.5728,-2.3846,0,0,0,0,0
V2_pop,-0.19614,3.7061,-2.3846,72.859,0,0,0,0,0
omega_Cl,0,0,0,0,0.0025931,2.1824e-6,-4.0615e-6,-3.6409e-5,-3.8705e-6
omega_V1,0,0,0,0,2.1824e-6,0.0030304,-0.00021683,-9.901e-5,-0.00013051
omega_Q,0,0,0,0,-4.0615e-6,-0.00021683,0.047926,0.00080083,-0.00010682
omega_V2,0,0,0,0,-3.6409e-5,-9.901e-5,0.00080083,0.10966,-0.00084573
b,0,0,0,0,-3.8705e-6,-0.00013051,-0.00010682,-0.00084573,8.2875e-5
