Cl_pop,0.12293,-0.0094249,0.018752,-0.016404,-0.00020693,0.00072434,5.0165e-5,-9.6843e-5,0.00093594,-6.4865e-5,6.2053e-6
V1_pop,-0.0094249,3.1444,-0.71549,4.8699,5.0809e-5,-0.022727,-0.0011822,-0.017181,-0.026194,-0.001294,0.0016854
Q_pop,0.018752,-0.71549,1.7804,-1.1485,-6.2823e-6,0.035752,0.0016092,0.0021916,0.04665,0.00070773,-0.0014976
V2_pop,-0.016404,4.8699,-1.1485,7.7455,0.00027907,-0.041211,-0.0022212,-0.019728,-0.049763,-0.0018993,0.0027499
omega_Cl,-0.00020693,5.0809e-5,-6.2823e-6,0.00027907,0.0023834,-0.00011369,-6.2702e-6,0.00011462,-0.00014603,2.4805e-5,-1.0544e-5
omega_V1,0.00072434,-0.022727,0.035752,-0.041211,-0.00011369,0.009972,0.00035759,-0.0039028,0.01297,0.00010737,-0.00016017
corr_V2_V1,5.0165e-5,-0.0011822,0.0016092,-0.0022212,-6.2702e-6,0.00035759,2.0781e-5,-0.00017577,0.00045627,3.6659e-6,-6.6716e-6
omega_Q,-9.6843e-5,-0.017181,0.0021916,-0.019728,0.00011462,-0.0039028,-0.00017577,0.023698,-0.00519,-1.148e-6,-2.7484e-6
omega_V2,0.00093594,-0.026194,0.04665,-0.049763,-0.00014603,0.01297,0.00045627,-0.00519,0.017139,0.000142,-0.0002053
a1,-6.4865e-5,-0.001294,0.00070773,-0.0018993,2.4805e-5,0.00010737,3.6659e-6,-1.148e-6,0.000142,0.00052291,-1.7741e-5
a2,6.2053e-6,0.0016854,-0.0014976,0.0027499,-1.0544e-5,-0.00016017,-6.6716e-6,-2.7484e-6,-0.0002053,-1.7741e-5,4.402e-5
