Cl_pop,30.162,-49.907,-6.3016,-3066.1,0.26956,0.12482,nan,5.2336,-17.886,0.031871,-0.1418
V1_pop,-49.907,95.835,9.4853,5180,-0.46498,-0.21487,nan,-8.838,30.027,-0.055493,0.24133
Q_pop,-6.3016,9.4853,4.004,649.81,-0.06139,-0.017571,nan,-1.0968,3.9293,-0.0064456,0.027898
V2_pop,-3066.1,5180,649.81,3.179e+5,-28.764,-12.903,nan,-540.85,1849.7,-3.3131,14.667
omega_Cl,0.26956,-0.46498,-0.06139,-28.764,0.0065244,0.0011023,nan,0.049359,-0.16873,0.00033233,-0.0013457
omega_V1,0.12482,-0.21487,-0.017571,-12.903,0.0011023,0.0035237,nan,0.021785,-0.073622,0.00015537,-0.00064115
corr_V2_V1,nan,nan,nan,nan,nan,nan,nan,nan,nan,nan,nan
omega_Q,5.2336,-8.838,-1.0968,-540.85,0.049359,0.021785,nan,0.93804,-3.1625,0.0056883,-0.025128
omega_V2,-17.886,30.027,3.9293,1849.7,-0.16873,-0.073622,nan,-3.1625,10.862,-0.019286,0.085347
a1,0.031871,-0.055493,-0.0064456,-3.3131,0.00033233,0.00015537,nan,0.0056883,-0.019286,0.00056155,-0.00017289
a2,-0.1418,0.24133,0.027898,14.667,-0.0013457,-0.00064115,nan,-0.025128,0.085347,-0.00017289,0.00073641
