Cl_pop,1,0.012037,0.029676,-0.046365,0,0,0,0,0
V1_pop,0.012037,1,-0.19319,0.24903,0,0,0,0,0
Q_pop,0.029676,-0.19319,1,-0.10344,0,0,0,0,0
V2_pop,-0.046365,0.24903,-0.10344,1,0,0,0,0,0
omega_Cl,0,0,0,0,1,0.00084831,-0.00038507,-0.003799,-0.0082317
omega_V1,0,0,0,0,0.00084831,1,-0.014045,-0.014424,-0.25629
omega_Q,0,0,0,0,-0.00038507,-0.014045,1,0.0092411,-0.057074
omega_V2,0,0,0,0,-0.003799,-0.014424,0.0092411,1,-0.26359
b,0,0,0,0,-0.0082317,-0.25629,-0.057074,-0.26359,1
