Cl_pop,1,0.00697,0.0345,-0.0398,0,0,0,0
V1_pop,0.00697,1,-0.152,0.193,0,0,0,0
Q_pop,0.0345,-0.152,1,-0.197,0,0,0,0
V2_pop,-0.0398,0.193,-0.197,1,0,0,0,0
omega_Cl,0,0,0,0,1,0.000229,-0.000338,-0.00719
omega_V1,0,0,0,0,0.000229,1,-0.0176,-0.097
omega_Q,0,0,0,0,-0.000338,-0.0176,1,-0.0745
b,0,0,0,0,-0.00719,-0.097,-0.0745,1
