Cl_pop,1,0.017482,0.029996,-0.037634,0,0,0,0,0
V1_pop,0.017482,1,-0.2106,0.24867,0,0,0,0,0
Q_pop,0.029996,-0.2106,1,-0.10461,0,0,0,0,0
V2_pop,-0.037634,0.24867,-0.10461,1,0,0,0,0,0
omega_Cl,0,0,0,0,1,0.00055067,-0.00051832,-0.0028603,-0.0082227
omega_V1,0,0,0,0,0.00055067,1,-0.01583,-0.0013791,-0.288
omega_Q,0,0,0,0,-0.00051832,-0.01583,1,0.012345,-0.059712
omega_V2,0,0,0,0,-0.0028603,-0.0013791,0.012345,1,-0.27984
b,0,0,0,0,-0.0082227,-0.288,-0.059712,-0.27984,1
