Cl_pop,1,0.079185,0.047173,-0.08751,0.00048607,0.079359,-0.014106,-0.083823,0.020789
V1_pop,0.079185,1,0.11879,-0.88599,0.037618,0.79087,-0.111,-0.82399,0.074586
Q_pop,0.047173,0.11879,1,-0.1322,0.016135,0.117,-0.034123,-0.13038,0.019202
V2_pop,-0.08751,-0.88599,-0.1322,1,-0.050168,-0.88962,0.10666,0.95055,-0.080776
omega_Cl,0.00048607,0.037618,0.016135,-0.050168,1,0.048125,0.010711,-0.046618,-0.0133
omega_V1,0.079359,0.79087,0.117,-0.88962,0.048125,1,-0.094164,-0.81177,0.10009
omega_Q,-0.014106,-0.111,-0.034123,0.10666,0.010711,-0.094164,1,0.10681,-0.071315
omega_V2,-0.083823,-0.82399,-0.13038,0.95055,-0.046618,-0.81177,0.10681,1,-0.059324
b,0.020789,0.074586,0.019202,-0.080776,-0.0133,0.10009,-0.071315,-0.059324,1
