Cl_pop,0.0902,0.00839,-0.00534,0.0108,-0.132,0,0,0,0,0,0,0
beta_Cl_logtCLCRMLMIN,0.00839,0.0609,0.00462,-0.00188,0.0287,0,0,0,0,0,0,0
V1_pop,-0.00534,0.00462,2.38,-0.154,4.23,0,0,0,0,0,0,0
Q_pop,0.0108,-0.00188,-0.154,1.14,-0.83,0,0,0,0,0,0,0
V2_pop,-0.132,0.0287,4.23,-0.83,29.2,0,0,0,0,0,0,0
omega_Cl,0,0,0,0,0,0.00164,4.9e-8,0.000115,-1.3e-6,-3.27e-5,-7.35e-8,-1.46e-6
omega_V1,0,0,0,0,0,4.9e-8,0.00312,0.000759,-8.79e-5,0.00436,-8.3e-7,-1.65e-5
corr_V2_V1,0,0,0,0,0,0.000115,0.000759,0.373,0.000132,-0.0837,4.83e-5,0.000961
omega_Q,0,0,0,0,0,-1.3e-6,-8.79e-5,0.000132,0.022,-0.000449,-2.26e-6,-4.49e-5
omega_V2,0,0,0,0,0,-3.27e-5,0.00436,-0.0837,-0.000449,0.0533,-1.13e-5,-0.000224
a1,0,0,0,0,0,-7.35e-8,-8.3e-7,4.83e-5,-2.26e-6,-1.13e-5,0.000504,-2.37e-6
a2,0,0,0,0,0,-1.46e-6,-1.65e-5,0.000961,-4.49e-5,-0.000224,-2.37e-6,3.8e-5
