Cl_pop,0.12448,-0.0065582,0.014832,-0.0022297,-9.2747e-5,0.00017955,1.1777e-5,0.00037003,5.0049e-5,-6.8889e-5,1.3422e-5
V1_pop,-0.0065582,3.1661,-0.62075,4.501,-0.00012986,-0.0098797,0.0003945,-0.040092,0.00065201,-0.0013628,0.0016831
Q_pop,0.014832,-0.62075,1.7099,-1.0086,0.00017821,0.012513,-0.00042725,0.019373,0.013993,0.00092149,-0.0012405
V2_pop,-0.0022297,4.501,-1.0086,7.382,-0.0024971,-0.014067,0.0023625,-0.092393,0.020642,-0.0039686,0.0044621
omega_Cl,-9.2747e-5,-0.00012986,0.00017821,-0.0024971,0.0024245,-4.259e-5,-5.9271e-6,0.00032785,-0.00019174,2.594e-5,-1.7318e-5
omega_V1,0.00017955,-0.0098797,0.012513,-0.014067,-4.259e-5,0.0040555,2.1864e-5,-0.0010737,0.0051143,4.5262e-5,-3.9049e-5
corr_V2_V1,1.1777e-5,0.0003945,-0.00042725,0.0023625,-5.9271e-6,2.1864e-5,6.5333e-6,-3.9248e-5,3.9787e-5,-5.9933e-6,5.1679e-6
omega_Q,0.00037003,-0.040092,0.019373,-0.092393,0.00032785,-0.0010737,-3.9248e-5,0.035591,-0.0086918,-3.1485e-5,-0.00026642
omega_V2,5.0049e-5,0.00065201,0.013993,0.020642,-0.00019174,0.0051143,3.9787e-5,-0.0086918,0.010705,9.4774e-5,7.7598e-5
a1,-6.8889e-5,-0.0013628,0.00092149,-0.0039686,2.594e-5,4.5262e-5,-5.9933e-6,-3.1485e-5,9.4774e-5,0.00052119,-1.8212e-5
a2,1.3422e-5,0.0016831,-0.0012405,0.0044621,-1.7318e-5,-3.9049e-5,5.1679e-6,-0.00026642,7.7598e-5,-1.8212e-5,4.8045e-5
