Cl_pop,0.524,-2.623e-6,0.075171,4.3495e-7,-0.00014082,2.6281e-9,-0.00085207,-4.2796e-10,8.8046e-5
V1_pop,-2.623e-6,1.4266e-8,6.073e-6,-8.7741e-10,2.534e-7,1.047e-10,1.8305e-6,1.0795e-12,-7.0742e-8
Q_pop,0.075171,6.073e-6,7.427,1.0195e-6,0.0014415,2.265e-7,-0.0031001,1.5337e-9,0.00012912
V2_pop,4.3495e-7,-8.7741e-10,1.0195e-6,2.3358e-10,-2.5581e-8,7.4259e-13,-4.9402e-8,6.8793e-14,7.9933e-9
omega_Cl,-0.00014082,2.534e-7,0.0014415,-2.5581e-8,0.0026234,2.182e-9,0.00020599,1.3151e-11,-8.9395e-6
omega_V1,2.6281e-9,1.047e-10,2.265e-7,7.4259e-13,2.182e-9,2.0154e-12,1.8556e-8,5.7635e-15,-3.8688e-10
omega_Q,-0.00085207,1.8305e-6,-0.0031001,-4.9402e-8,0.00020599,1.8556e-8,0.051676,-1.5423e-11,-0.00011401
omega_V2,-4.2796e-10,1.0795e-12,1.5337e-9,6.8793e-14,1.3151e-11,5.7635e-15,-1.5423e-11,6.7269e-15,-1.4146e-11
b,8.8046e-5,-7.0742e-8,0.00012912,7.9933e-9,-8.9395e-6,-3.8688e-10,-0.00011401,-1.4146e-11,6.7613e-5
