Cl_pop,0.49289,-0.028277,0.062118,-0.039863,-0.00013152,0.00013444,-8.7311e-6,0.00067555,0.0001894,-0.0001361,1.5054e-5
V1_pop,-0.028277,12.215,-2.4314,19.017,0.0012892,-0.022301,-8.5298e-5,-0.051391,-0.022766,-0.0013151,0.0018135
Q_pop,0.062118,-2.4314,7.0195,-3.5502,0.00017081,0.0088265,-0.00019657,0.073729,0.012489,9.0861e-5,-0.0013107
V2_pop,-0.039863,19.017,-3.5502,36.135,0.0034775,-0.073371,-0.0018048,-0.0083553,-0.042051,-0.0018275,0.004562
omega_Cl,-0.00013152,0.0012892,0.00017081,0.0034775,0.0023387,-5.1342e-5,-5.8206e-7,0.00010145,-5.4155e-5,2.2454e-5,-7.0458e-6
omega_V1,0.00013444,-0.022301,0.0088265,-0.073371,-5.1342e-5,0.0054888,6.0087e-5,-0.0011481,0.0065221,1.4794e-5,-6.0027e-5
corr_V2_V1,-8.7311e-6,-8.5298e-5,-0.00019657,-0.0018048,-5.8206e-7,6.0087e-5,3.9854e-6,-4.43e-5,7.2901e-5,7.7822e-7,-8.3408e-7
omega_Q,0.00067555,-0.051391,0.073729,-0.0083553,0.00010145,-0.0011481,-4.43e-5,0.021143,-0.0010887,7.0137e-5,-7.6977e-5
omega_V2,0.0001894,-0.022766,0.012489,-0.042051,-5.4155e-5,0.0065221,7.2901e-5,-0.0010887,0.0082499,1.8141e-5,-5.9487e-5
a1,-0.0001361,-0.0013151,9.0861e-5,-0.0018275,2.2454e-5,1.4794e-5,7.7822e-7,7.0137e-5,1.8141e-5,0.00052034,-1.3472e-5
a2,1.5054e-5,0.0018135,-0.0013107,0.004562,-7.0458e-6,-6.0027e-5,-8.3408e-7,-7.6977e-5,-5.9487e-5,-1.3472e-5,3.7517e-5
