Cl_pop,1,-0.0108,0.0266,0.0194,0.00109,0.00257,0.0174,0.0205,-0.0066,0.000248
V1_pop,-0.0108,1,-0.362,-0.179,-0.0211,-0.0718,-0.428,-0.282,-0.0323,0.127
Q_pop,0.0266,-0.362,1,0.0869,0.0179,0.0383,0.346,0.181,0.00942,-0.0577
V2_pop,0.0194,-0.179,0.0869,1,0.0666,0.158,0.436,0.836,0.049,-0.452
omega_Cl,0.00109,-0.0211,0.0179,0.0666,1,0.0106,0.0418,0.0691,0.0247,-0.0708
omega_V1,0.00257,-0.0718,0.0383,0.158,0.0106,1,0.103,0.176,0.0268,-0.12
omega_Q,0.0174,-0.428,0.346,0.436,0.0418,0.103,1,0.532,0.0342,-0.252
omega_V2,0.0205,-0.282,0.181,0.836,0.0691,0.176,0.532,1,0.0515,-0.468
a1,-0.0066,-0.0323,0.00942,0.049,0.0247,0.0268,0.0342,0.0515,1,-0.116
a2,0.000248,0.127,-0.0577,-0.452,-0.0708,-0.12,-0.252,-0.468,-0.116,1
