Cl_pop,1,0.0040734,0.035745,-0.0028231,-0.0076139,0.0024009,-0.0046692,0.00025044,0.016074
V1_pop,0.0040734,1,0.083185,-0.20458,0.035985,0.20142,-0.1967,-0.565,0.024177
Q_pop,0.035745,0.083185,1,-0.25981,0.020439,0.25796,-0.21493,-0.18603,0.056499
V2_pop,-0.0028231,-0.20458,-0.25981,1,-0.042588,-0.98998,0.7827,0.6921,-0.15852
omega_Cl,-0.0076139,0.035985,0.020439,-0.042588,1,0.040882,-0.02576,-0.058046,-0.011499
omega_V1,0.0024009,0.20142,0.25796,-0.98998,0.040882,1,-0.78027,-0.69781,0.16337
omega_Q,-0.0046692,-0.1967,-0.21493,0.7827,-0.02576,-0.78027,1,0.56922,-0.16006
omega_V2,0.00025044,-0.565,-0.18603,0.6921,-0.058046,-0.69781,0.56922,1,-0.10118
b,0.016074,0.024177,0.056499,-0.15852,-0.011499,0.16337,-0.16006,-0.10118,1
