Cl_pop,0.52042,3.9584e-8,0.074045,-2.6362e-7,-0.0002815,1.3843e-9,-0.0012335,1.8868e-11,9.628e-5
V1_pop,3.9584e-8,1.8146e-10,3.2177e-6,-3.5672e-10,2.4843e-8,2.1685e-12,-9.7029e-7,-7.9483e-13,2.704e-9
Q_pop,0.074045,3.2177e-6,8.2454,-9.6571e-5,0.0030078,5.92e-7,-0.226,-5.5786e-8,0.001347
V2_pop,-2.6362e-7,-3.5672e-10,-9.6571e-5,1.6755e-8,-2.8253e-7,-1.0242e-10,3.7101e-5,9.3558e-12,-1.7037e-7
omega_Cl,-0.0002815,2.4843e-8,0.0030078,-2.8253e-7,0.0026266,1.6745e-9,-0.00048345,-3.1067e-10,-4.893e-6
omega_V1,1.3843e-9,2.1685e-12,5.92e-7,-1.0242e-10,1.6745e-9,6.3876e-13,-2.2837e-7,-5.8243e-14,1.0841e-9
omega_Q,-0.0012335,-9.7029e-7,-0.226,3.7101e-5,-0.00048345,-2.2837e-7,0.1341,2.1769e-8,-0.00048666
omega_V2,1.8868e-11,-7.9483e-13,-5.5786e-8,9.3558e-12,-3.1067e-10,-5.8243e-14,2.1769e-8,1.0906e-14,-8.7734e-11
b,9.628e-5,2.704e-9,0.001347,-1.7037e-7,-4.893e-6,1.0841e-9,-0.00048666,-8.7734e-11,6.8937e-5
