Cl_pop,0.12693,-0.022802,0.045943,-0.18416,-0.00040387,0.0077422,0.00075753,-0.0077704,0.0027195,-0.0004026,-0.0001117
V1_pop,-0.022802,3.6329,-0.96233,4.4591,0.00059354,-0.066478,-0.0063866,0.016243,-0.026979,0.0016311,0.0022688
Q_pop,0.045943,-0.96233,2.2965,-3.7457,-0.0014716,0.14106,0.013498,-0.106,0.05151,-0.0057433,-0.0030728
V2_pop,-0.18416,4.4591,-3.7457,22.382,0.012322,-0.8275,-0.081221,0.83948,-0.27171,0.03616,0.016156
omega_Cl,-0.00040387,0.00059354,-0.0014716,0.012322,0.0024115,-0.00053162,-4.9121e-5,0.00061551,-0.0001779,4.8051e-5,-2.9451e-7
omega_V1,0.0077422,-0.066478,0.14106,-0.8275,-0.00053162,0.040459,0.0034974,-0.038046,0.015671,-0.0015084,-0.00070626
corr_V2_V1,0.00075753,-0.0063866,0.013498,-0.081221,-4.9121e-5,0.0034974,0.00034488,-0.0036778,0.0011776,-0.00015123,-6.6119e-5
omega_Q,-0.0077704,0.016243,-0.106,0.83948,0.00061551,-0.038046,-0.0036778,0.064911,-0.012966,0.001685,0.00063124
omega_V2,0.0027195,-0.026979,0.05151,-0.27171,-0.0001779,0.015671,0.0011776,-0.012966,0.0071793,-0.00046934,-0.00025815
a1,-0.0004026,0.0016311,-0.0057433,0.03616,4.8051e-5,-0.0015084,-0.00015123,0.001685,-0.00046934,0.00058821,1.3762e-5
a2,-0.0001117,0.0022688,-0.0030728,0.016156,-2.9451e-7,-0.00070626,-6.6119e-5,0.00063124,-0.00025815,1.3762e-5,5.2693e-5
