Cl_pop,1,0.068378,-0.97006,0.0046248,nan,-0.052154,-0.072199,-0.013202,-0.025787,0.092778,-0.042402,-0.062045,0.077338
beta_Cl_logtWTKG,0.068378,1,0.028517,-0.040471,nan,-0.16546,-0.99078,-0.15677,-0.16429,0.44519,-0.15156,-0.3241,0.41083
beta_Cl_tCLCRMLMIN,-0.97006,0.028517,1,-0.00041627,nan,0.039868,-0.023336,-0.0053504,0.0079102,-0.038979,0.019539,0.026066,-0.031154
V1_pop,0.0046248,-0.040471,-0.00041627,1,nan,0.79778,0.041371,0.012753,0.12936,-0.033589,-0.12527,-0.014944,-0.0072792
Q_pop,nan,nan,nan,nan,nan,nan,nan,nan,nan,nan,nan,nan,nan
V2_pop,-0.052154,-0.16546,0.039868,0.79778,nan,1,0.1671,0.10242,0.47253,-0.41944,-0.10362,0.15434,-0.30638
omega_Cl,-0.072199,-0.99078,-0.023336,0.041371,nan,0.1671,1,0.15857,0.16453,-0.44852,0.15334,0.3251,-0.41388
omega_V1,-0.013202,-0.15677,-0.0053504,0.012753,nan,0.10242,0.15857,1,0.29756,-0.24441,0.65837,0.0864,-0.2017
corr_V2_V1,-0.025787,-0.16429,0.0079102,0.12936,nan,0.47253,0.16453,0.29756,1,-0.45226,-0.26224,0.16672,-0.38582
omega_Q,0.092778,0.44519,-0.038979,-0.033589,nan,-0.41944,-0.44852,-0.24441,-0.45226,1,-0.26402,-0.27568,0.48191
omega_V2,-0.042402,-0.15156,0.019539,-0.12527,nan,-0.10362,0.15334,0.65837,-0.26224,-0.26402,1,0.041121,-0.028183
a1,-0.062045,-0.3241,0.026066,-0.014944,nan,0.15434,0.3251,0.0864,0.16672,-0.27568,0.041121,1,-0.38055
a2,0.077338,0.41083,-0.031154,-0.0072792,nan,-0.30638,-0.41388,-0.2017,-0.38582,0.48191,-0.028183,-0.38055,1
