Cl_pop,1,0.83123,-0.03506,-0.042936,-0.12314,-0.82887,-0.08945,0.17707,nan,-0.048131,-0.26792,0.25571
beta_Cl_logtCLCRMLMIN,0.83123,1,-0.058249,-0.030445,-0.16775,-0.99809,-0.11035,0.22219,nan,-0.062757,-0.30879,0.29687
V1_pop,-0.03506,-0.058249,1,0.11815,0.94709,0.058466,-0.04127,0.033024,nan,-0.069622,-0.021342,0.070843
Q_pop,-0.042936,-0.030445,0.11815,1,-0.018701,0.030284,-0.10437,0.51719,nan,-0.18945,0.03316,0.24843
V2_pop,-0.12314,-0.16775,0.94709,-0.018701,1,0.16854,-0.028985,-0.10008,nan,-0.04544,0.011484,0.013733
omega_Cl,-0.82887,-0.99809,0.058466,0.030284,0.16854,1,0.11023,-0.22331,nan,0.062352,0.31087,-0.29905
omega_V1,-0.08945,-0.11035,-0.04127,-0.10437,-0.028985,0.11023,1,0.22961,nan,0.98253,0.054257,-0.13734
corr_V2_V1,0.17707,0.22219,0.033024,0.51719,-0.10008,-0.22331,0.22961,1,nan,0.22723,-0.0095887,0.12854
omega_Q,nan,nan,nan,nan,nan,nan,nan,nan,nan,nan,nan,nan
omega_V2,-0.048131,-0.062757,-0.069622,-0.18945,-0.04544,0.062352,0.98253,0.22723,nan,1,0.033422,-0.13552
a1,-0.26792,-0.30879,-0.021342,0.03316,0.011484,0.31087,0.054257,-0.0095887,nan,0.033422,1,-0.28225
a2,0.25571,0.29687,0.070843,0.24843,0.013733,-0.29905,-0.13734,0.12854,nan,-0.13552,-0.28225,1
