Cl_pop,1,-0.0018539,0.040239,-0.02035,-0.0055461,0.024822,-0.0052394,0.010979,0.01393
V1_pop,-0.0018539,1,-0.0011313,-0.26011,0.020537,-0.35852,-0.010508,0.51125,-0.00038604
Q_pop,0.040239,-0.0011313,1,-0.093449,0.012589,0.056143,-0.035465,0.080734,0.011651
V2_pop,-0.02035,-0.26011,-0.093449,1,-0.036696,-0.16851,0.010489,-0.53014,-0.025341
omega_Cl,-0.0055461,0.020537,0.012589,-0.036696,1,0.00872,0.014732,0.02147,-0.016693
omega_V1,0.024822,-0.35852,0.056143,-0.16851,0.00872,1,0.035766,-0.41328,0.020425
omega_Q,-0.0052394,-0.010508,-0.035465,0.010489,0.014732,0.035766,1,-0.085472,-0.061287
omega_V2,0.010979,0.51125,0.080734,-0.53014,0.02147,-0.41328,-0.085472,1,0.024316
b,0.01393,-0.00038604,0.011651,-0.025341,-0.016693,0.020425,-0.061287,0.024316,1
