Cl_pop,0.52457,-1.0628e-7,0.078056,-1.0735e-6,-0.00020618,2.8724e-8,-0.00087762,1.1607e-8,8.2666e-5
V1_pop,-1.0628e-7,6.2649e-9,-2.3983e-7,-1.4995e-9,8.3434e-8,-4.534e-11,-1.9236e-7,5.9068e-11,-2.5037e-10
Q_pop,0.078056,-2.3983e-7,7.1733,-1.8229e-5,0.0017306,2.4025e-7,-0.021968,3.1563e-7,0.00025569
V2_pop,-1.0735e-6,-1.4995e-9,-1.8229e-5,5.3047e-9,-1.3718e-7,-1.9609e-11,1.7668e-7,-5.6361e-11,-1.5123e-8
omega_Cl,-0.00020618,8.3434e-8,0.0017306,-1.3718e-7,0.0026345,7.1512e-10,0.00017488,1.6085e-9,-7.0204e-6
omega_V1,2.8724e-8,-4.534e-11,2.4025e-7,-1.9609e-11,7.1512e-10,2.5528e-12,1.3216e-8,-9.6385e-13,2.674e-10
omega_Q,-0.00087762,-1.9236e-7,-0.021968,1.7668e-7,0.00017488,1.3216e-8,0.053487,-2.8854e-8,-0.00011614
omega_V2,1.1607e-8,5.9068e-11,3.1563e-7,-5.6361e-11,1.6085e-9,-9.6385e-13,-2.8854e-8,2.1307e-12,2.9083e-10
b,8.2666e-5,-2.5037e-10,0.00025569,-1.5123e-8,-7.0204e-6,2.674e-10,-0.00011614,2.9083e-10,6.7138e-5
