Cl_pop,0.49848,-0.066461,0.099871,-0.15879,-8.115e-5,0.0008524,2.3919e-5,0.00070484,0.00044455,-9.1878e-5,-5.6504e-5
V1_pop,-0.066461,15.008,-4.8109,22.475,0.00081164,-0.039746,-0.00074329,-0.077444,-0.031028,-0.0029379,0.0050372
Q_pop,0.099871,-4.8109,8.9023,-8.4555,-8.5491e-5,0.06008,0.00088073,0.045529,0.057321,0.00188,-0.0050024
V2_pop,-0.15879,22.475,-8.4555,38.76,0.00078316,-0.10113,-0.0040985,-0.095959,-0.057071,-0.0055276,0.012365
omega_Cl,-8.115e-5,0.00081164,-8.5491e-5,0.00078316,0.0023799,-5.7077e-5,-2.7606e-6,8.3291e-5,-7.1321e-5,2.2077e-5,-8.2054e-6
omega_V1,0.0008524,-0.039746,0.06008,-0.10113,-5.7077e-5,0.0053021,8.0711e-5,-0.00097923,0.0056398,4.7127e-5,-0.00012453
corr_V2_V1,2.3919e-5,-0.00074329,0.00088073,-0.0040985,-2.7606e-6,8.0711e-5,6.8928e-6,-2.3784e-5,5.8186e-5,3.5593e-7,-1.5159e-6
omega_Q,0.00070484,-0.077444,0.045529,-0.095959,8.3291e-5,-0.00097923,-2.3784e-5,0.019634,-0.0011932,3.7175e-5,-7.5494e-5
omega_V2,0.00044455,-0.031028,0.057321,-0.057071,-7.1321e-5,0.0056398,5.8186e-5,-0.0011932,0.0065743,4.0169e-5,-0.00010525
a1,-9.1878e-5,-0.0029379,0.00188,-0.0055276,2.2077e-5,4.7127e-5,3.5593e-7,3.7175e-5,4.0169e-5,0.00052069,-1.4308e-5
a2,-5.6504e-5,0.0050372,-0.0050024,0.012365,-8.2054e-6,-0.00012453,-1.5159e-6,-7.5494e-5,-0.00010525,-1.4308e-5,4.5128e-5
