Cl_pop,0.12402,0.0099381,0.0084168,0.17806,-0.00031982,-0.00060434,-5.3782e-5,-0.00094939,-0.00032393,-0.00024783,0.00025016
V1_pop,0.0099381,3.2557,-0.71782,9.186,-0.0067247,-0.018046,-0.0014133,-0.075844,-0.0085716,-0.0063433,0.0076982
Q_pop,0.0084168,-0.71782,2.0498,-2.9159,0.0032484,0.0024052,0.0005789,0.071328,-0.00012123,0.0024214,-0.0035189
V2_pop,0.17806,9.186,-2.9159,77.75,-0.092146,-0.15186,-0.020557,-0.6502,-0.042051,-0.073061,0.092896
omega_Cl,-0.00031982,-0.0067247,0.0032484,-0.092146,0.00248,0.00015097,2.4856e-5,0.00092279,7.8954e-6,0.00011547,-0.00012447
omega_V1,-0.00060434,-0.018046,0.0024052,-0.15186,0.00015097,0.0042534,6.9916e-5,-0.00041723,0.0046862,0.00016397,-0.00022293
corr_V2_V1,-5.3782e-5,-0.0014133,0.0005789,-0.020557,2.4856e-5,6.9916e-5,8.4025e-6,0.00014167,5.174e-5,1.9178e-5,-2.5599e-5
omega_Q,-0.00094939,-0.075844,0.071328,-0.6502,0.00092279,-0.00041723,0.00014167,0.035978,-0.0016256,0.00067326,-0.00084777
omega_V2,-0.00032393,-0.0085716,-0.00012123,-0.042051,7.8954e-6,0.0046862,5.174e-5,-0.0016256,0.0056452,4.5844e-5,-9.1774e-5
a1,-0.00024783,-0.0063433,0.0024214,-0.073061,0.00011547,0.00016397,1.9178e-5,0.00067326,4.5844e-5,0.00059094,-0.000105
a2,0.00025016,0.0076982,-0.0035189,0.092896,-0.00012447,-0.00022293,-2.5599e-5,-0.00084777,-9.1774e-5,-0.000105,0.00015516
