Cl_pop,0.52241,-1.8945e-7,0.073172,-1.2601e-7,-6.9865e-5,-9.0917e-10,-0.00092694,-4.7605e-10,7.5403e-5
V1_pop,-1.8945e-7,4.7985e-10,-1.2138e-6,7.4813e-11,-1.471e-8,3.1464e-13,1.4325e-7,8.0945e-13,-5.1017e-9
Q_pop,0.073172,-1.2138e-6,7.3754,-1.1516e-6,0.0016121,-1.5694e-8,-0.0078291,-2.333e-9,0.00010055
V2_pop,-1.2601e-7,7.4813e-11,-1.1516e-6,6.1925e-11,-1.1756e-8,5.1984e-13,1.3908e-7,2.3524e-13,-3.6437e-10
omega_Cl,-6.9865e-5,-1.471e-8,0.0016121,-1.1756e-8,0.0026186,-1.3728e-10,0.00014428,-6.8387e-11,-7.9966e-6
omega_V1,-9.0917e-10,3.1464e-13,-1.5694e-8,5.1984e-13,-1.3728e-10,2.8415e-14,1.7183e-9,2.3244e-15,1.8393e-11
omega_Q,-0.00092694,1.4325e-7,-0.0078291,1.3908e-7,0.00014428,1.7183e-9,0.054744,4.153e-10,-0.00011957
omega_V2,-4.7605e-10,8.0945e-13,-2.333e-9,2.3524e-13,-6.8387e-11,2.3244e-15,4.153e-10,3.1197e-15,-2.7896e-12
b,7.5403e-5,-5.1017e-9,0.00010055,-3.6437e-10,-7.9966e-6,1.8393e-11,-0.00011957,-2.7896e-12,6.7788e-5
