Cl_pop,0.12222,-0.0075955,0.017229,-0.014515,-0.00024209,0.00021002,1.6343e-5,1.1788e-5,0.00033517,-5.0447e-5,1.0638e-5
V1_pop,-0.0075955,3.1493,-0.68413,4.8451,1.7145e-5,-0.016984,-0.000527,-0.007912,-0.026121,-0.00086917,0.00099167
Q_pop,0.017229,-0.68413,1.7646,-1.1562,0.00051677,0.017392,0.00051468,0.0096719,0.025184,0.00047515,-0.00095393
V2_pop,-0.014515,4.8451,-1.1562,7.7894,-0.0003081,-0.027916,-0.00099173,-0.0087149,-0.038377,-0.0015145,0.0018589
omega_Cl,-0.00024209,1.7145e-5,0.00051677,-0.0003081,0.0023261,-3.5008e-5,-4.5586e-7,6.1071e-5,-5.2276e-5,1.9984e-5,-7.9166e-6
omega_V1,0.00021002,-0.016984,0.017392,-0.027916,-3.5008e-5,0.0062438,0.00014428,-0.0022084,0.0090182,2.2162e-5,-8.0253e-6
corr_V2_V1,1.6343e-5,-0.000527,0.00051468,-0.00099173,-4.5586e-7,0.00014428,1.1476e-5,-0.00011449,0.0002429,-4.8787e-7,3.4182e-6
omega_Q,1.1788e-5,-0.007912,0.0096719,-0.0087149,6.1071e-5,-0.0022084,-0.00011449,0.02034,-0.0036765,4.8826e-5,-8.9489e-5
omega_V2,0.00033517,-0.026121,0.025184,-0.038377,-5.2276e-5,0.0090182,0.0002429,-0.0036765,0.013698,1.152e-5,2.207e-5
a1,-5.0447e-5,-0.00086917,0.00047515,-0.0015145,1.9984e-5,2.2162e-5,-4.8787e-7,4.8826e-5,1.152e-5,0.00051165,-1.2218e-5
a2,1.0638e-5,0.00099167,-0.00095393,0.0018589,-7.9166e-6,-8.0253e-6,3.4182e-6,-8.9489e-5,2.207e-5,-1.2218e-5,3.7635e-5
