Cl_pop,0.0892,0.00841,0.00269,0.00701,-0.00916,0,0,0,0,0,0,0
beta_Cl_logtCLCRMLMIN,0.00841,0.0599,0.00381,-0.00235,0.0128,0,0,0,0,0,0,0
V1_pop,0.00269,0.00381,2.83,-0.302,2.5,0,0,0,0,0,0,0
Q_pop,0.00701,-0.00235,-0.302,2.35,0.188,0,0,0,0,0,0,0
V2_pop,-0.00916,0.0128,2.5,0.188,10.5,0,0,0,0,0,0,0
omega_Cl,0,0,0,0,0,0.00161,1.57e-7,6.1e-6,-7.38e-7,-3.51e-6,-8.29e-8,-1.65e-6
omega_V1,0,0,0,0,0,1.57e-7,0.00442,0.000785,-0.000207,0.00201,-6.91e-7,-1.37e-5
corr_V2_V1,0,0,0,0,0,6.1e-6,0.000785,0.134,0.00326,-0.0195,3.22e-5,0.000639
omega_Q,0,0,0,0,0,-7.38e-7,-0.000207,0.00326,0.0264,-0.000242,-1.73e-6,-3.44e-5
omega_V2,0,0,0,0,0,-3.51e-6,0.00201,-0.0195,-0.000242,0.0163,-5.89e-6,-0.000117
a1,0,0,0,0,0,-8.29e-8,-6.91e-7,3.22e-5,-1.73e-6,-5.89e-6,0.000504,-2.34e-6
a2,0,0,0,0,0,-1.65e-6,-1.37e-5,0.000639,-3.44e-5,-0.000117,-2.34e-6,3.84e-5
