Cl_pop,1,-0.011535,0.034245,-0.0019036,-0.0044562,-0.013475,0.002197,0.0094514,-0.0057856,-0.0074733,0.015196
V1_pop,-0.011535,1,-0.27375,0.91637,0.00012164,0.1297,-0.11874,-0.16601,0.059522,-0.017084,-0.043063
Q_pop,0.034245,-0.27375,1,-0.16223,0.0058211,-0.10767,0.11173,0.20107,-0.022796,-1.3027e-5,0.06452
V2_pop,-0.0019036,0.91637,-0.16223,1,-0.0046427,0.06871,0.11585,-0.10714,0.10591,-0.013436,0.064808
omega_Cl,-0.0044562,0.00012164,0.0058211,-0.0046427,1,-0.012242,-0.033827,0.014998,-0.014664,0.017943,-0.041296
omega_V1,-0.013475,0.1297,-0.10767,0.06871,-0.012242,1,0.23252,-0.16332,0.94614,0.019993,-0.0881
corr_V2_V1,0.002197,-0.11874,0.11173,0.11585,-0.033827,0.23252,1,-0.021315,0.43679,0.021267,0.2092
omega_Q,0.0094514,-0.16601,0.20107,-0.10714,0.014998,-0.16332,-0.021315,1,-0.12326,0.011568,-0.055625
omega_V2,-0.0057856,0.059522,-0.022796,0.10591,-0.014664,0.94614,0.43679,-0.12326,1,0.022055,-0.014557
a1,-0.0074733,-0.017084,-1.3027e-5,-0.013436,0.017943,0.019993,0.021267,0.011568,0.022055,1,-0.084733
a2,0.015196,-0.043063,0.06452,0.064808,-0.041296,-0.0881,0.2092,-0.055625,-0.014557,-0.084733,1
