Cl_pop,0.12514,-0.0079145,0.018649,-0.014263,9.3029e-5,-6.5666e-5,4.9249e-6,0.00062571,-0.00018006,-6.0592e-5,1.4877e-5
V1_pop,-0.0079145,2.7115,-0.87731,4.0779,0.00010547,0.0064456,0.0001168,-0.066795,0.0055887,-0.00065946,0.00070196
Q_pop,0.018649,-0.87731,2.6801,-1.327,0.00050933,-0.010447,-0.00011619,0.099008,-0.012384,3.3472e-5,-0.00041299
V2_pop,-0.014263,4.0779,-1.327,6.536,0.00051672,0.0042853,0.00016295,-0.094981,0.0072207,-0.00072696,0.001105
omega_Cl,9.3029e-5,0.00010547,0.00050933,0.00051672,0.0024622,-7.7883e-6,1.6341e-6,0.00011261,-3.494e-5,2.2633e-5,-9.4705e-6
omega_V1,-6.5666e-5,0.0064456,-0.010447,0.0042853,-7.7883e-6,0.0030724,4.476e-5,-0.0026758,0.0032166,2.9969e-5,-2.1092e-5
corr_V2_V1,4.9249e-6,0.0001168,-0.00011619,0.00016295,1.6341e-6,4.476e-5,4.2839e-6,-1.6528e-5,3.0259e-5,1.881e-6,-9.3812e-7
omega_Q,0.00062571,-0.066795,0.099008,-0.094981,0.00011261,-0.0026758,-1.6528e-5,0.039395,-0.0031154,4.5803e-5,-5.9947e-5
omega_V2,-0.00018006,0.0055887,-0.012384,0.0072207,-3.494e-5,0.0032166,3.0259e-5,-0.0031154,0.0039067,1.3858e-5,-2.1315e-5
a1,-6.0592e-5,-0.00065946,3.3472e-5,-0.00072696,2.2633e-5,2.9969e-5,1.881e-6,4.5803e-5,1.3858e-5,0.00052303,-1.3312e-5
a2,1.4877e-5,0.00070196,-0.00041299,0.001105,-9.4705e-6,-2.1092e-5,-9.3812e-7,-5.9947e-5,-2.1315e-5,-1.3312e-5,4.1744e-5
