Cl_pop,0.50246,-0.035581,0.088942,0.040903,0.00030373,-0.0012295,3.2488e-5,0.0028797,-0.00074414,-0.00015372,9.5248e-5
V1_pop,-0.035581,12.795,-3.4596,19.562,-0.00077348,-0.01278,0.00050053,-0.13693,-0.015357,-0.0014567,0.0021192
Q_pop,0.088942,-3.4596,10.048,-1.2631,0.0042204,-0.037411,0.0012574,0.24261,-0.017829,-0.00065823,0.00048699
V2_pop,0.040903,19.562,-1.2631,56.753,0.016438,-0.22846,0.016231,0.23135,-0.12684,-0.010319,0.021258
omega_Cl,0.00030373,-0.00077348,0.0042204,0.016438,0.0024701,-0.00018993,1.3915e-5,0.00046481,-9.7581e-5,1.8095e-5,7.7035e-7
omega_V1,-0.0012295,-0.01278,-0.037411,-0.22846,-0.00018993,0.0065319,1.778e-5,-0.0055981,0.0069585,7.7094e-5,-0.0001934
corr_V2_V1,3.2488e-5,0.00050053,0.0012574,0.016231,1.3915e-5,1.778e-5,9.6759e-5,8.1428e-5,0.00020791,-5.5265e-6,5.8183e-6
omega_Q,0.0028797,-0.13693,0.24261,0.23135,0.00046481,-0.0055981,8.1428e-5,0.04289,-0.0049566,-5.5001e-5,0.00015437
omega_V2,-0.00074414,-0.015357,-0.017829,-0.12684,-9.7581e-5,0.0069585,0.00020791,-0.0049566,0.0093183,6.3859e-5,-0.00012223
a1,-0.00015372,-0.0014567,-0.00065823,-0.010319,1.8095e-5,7.7094e-5,-5.5265e-6,-5.5001e-5,6.3859e-5,0.00053107,-2.032e-5
a2,9.5248e-5,0.0021192,0.00048699,0.021258,7.7035e-7,-0.0001934,5.8183e-6,0.00015437,-0.00012223,-2.032e-5,5.3227e-5
