Cl_pop,0.1246,-0.010422,0.019173,-0.015216,-0.00013009,0.00034713,1.7387e-5,-0.00010727,0.00047434,-7.0631e-5,2.7629e-5
V1_pop,-0.010422,3.2463,-0.76179,3.9387,0.0021276,-0.030365,-0.0016161,-0.010489,-0.037125,-0.00033666,0.00038396
Q_pop,0.019173,-0.76179,2.0508,-1.0725,-0.0013024,0.021981,0.0011236,0.016286,0.026706,-0.00023221,-6.9687e-5
V2_pop,-0.015216,3.9387,-1.0725,5.25,0.0043594,-0.072992,-0.0050225,0.0043114,-0.088033,1.1885e-5,-0.00029976
omega_Cl,-0.00013009,0.0021276,-0.0013024,0.0043594,0.0024068,-0.00020586,-1.3459e-5,9.3315e-5,-0.00024147,2.3868e-5,-1.048e-5
omega_V1,0.00034713,-0.030365,0.021981,-0.072992,-0.00020586,0.0085064,0.00034929,-0.0029834,0.0091423,3.0518e-6,1.645e-5
corr_V2_V1,1.7387e-5,-0.0016161,0.0011236,-0.0050225,-1.3459e-5,0.00034929,2.7001e-5,-0.00017629,0.00040636,-2.1966e-6,5.1518e-6
omega_Q,-0.00010727,-0.010489,0.016286,0.0043114,9.3315e-5,-0.0029834,-0.00017629,0.026056,-0.0034013,3.0367e-5,-6.9913e-5
omega_V2,0.00047434,-0.037125,0.026706,-0.088033,-0.00024147,0.0091423,0.00040636,-0.0034013,0.010047,-7.5542e-6,2.7958e-5
a1,-7.0631e-5,-0.00033666,-0.00023221,1.1885e-5,2.3868e-5,3.0518e-6,-2.1966e-6,3.0367e-5,-7.5542e-6,0.00052298,-1.3659e-5
a2,2.7629e-5,0.00038396,-6.9687e-5,-0.00029976,-1.048e-5,1.645e-5,5.1518e-6,-6.9913e-5,2.7958e-5,-1.3659e-5,3.8546e-5
