Cl_pop,0.12396,-0.011721,0.021619,-0.022532,-7.0181e-5,8.0761e-5,-2.8305e-6,0.00079328,0.00011866,-5.1292e-5,-5.9759e-7
V1_pop,-0.011721,3.7494,-1.0571,5.2776,-0.00017188,-0.022749,0.00021904,-0.052132,-0.020382,-0.001614,0.001538
Q_pop,0.021619,-1.0571,2.272,-1.6742,0.00029162,0.01976,-0.00011962,0.053619,0.022214,0.00095861,-0.0014454
V2_pop,-0.022532,5.2776,-1.6742,8.2091,-0.00020763,-0.027777,0.00077584,-0.10075,-0.021708,-0.0023589,0.0023266
omega_Cl,-7.0181e-5,-0.00017188,0.00029162,-0.00020763,0.0023683,-3.0728e-5,-1.1465e-6,9.3045e-5,-4.5921e-5,2.1185e-5,-8.0153e-6
omega_V1,8.0761e-5,-0.022749,0.01976,-0.027777,-3.0728e-5,0.0059257,4.4729e-5,-0.0010615,0.0065205,6.9476e-5,-8.852e-5
corr_V2_V1,-2.8305e-6,0.00021904,-0.00011962,0.00077584,-1.1465e-6,4.4729e-5,2.9027e-6,-5.8321e-5,5.8497e-5,3.5881e-7,-3.5586e-7
omega_Q,0.00079328,-0.052132,0.053619,-0.10075,9.3045e-5,-0.0010615,-5.8321e-5,0.026507,-0.0013541,6.3692e-5,-7.3301e-5
omega_V2,0.00011866,-0.020382,0.022214,-0.021708,-4.5921e-5,0.0065205,5.8497e-5,-0.0013541,0.0074875,7.4455e-5,-0.00010052
a1,-5.1292e-5,-0.001614,0.00095861,-0.0023589,2.1185e-5,6.9476e-5,3.5881e-7,6.3692e-5,7.4455e-5,0.00051928,-1.4434e-5
a2,-5.9759e-7,0.001538,-0.0014454,0.0023266,-8.0153e-6,-8.852e-5,-3.5586e-7,-7.3301e-5,-0.00010052,-1.4434e-5,3.8955e-5
