Cl_pop,1,0.034023,0.053711,-0.08598,-0.0020523,-0.007137,-0.026131,0.0014301,0.0088226
V1_pop,0.034023,1,0.073169,-0.20089,0.01812,-0.53808,-0.024,-0.43815,-0.033459
Q_pop,0.053711,0.073169,1,-0.20845,0.016152,-0.02239,-0.073434,0.028424,-0.0013196
V2_pop,-0.08598,-0.20089,-0.20845,1,-0.028625,-0.092467,0.24215,-0.059992,0.036123
omega_Cl,-0.0020523,0.01812,0.016152,-0.028625,1,-0.017441,0.009789,-0.02312,-0.020825
omega_V1,-0.007137,-0.53808,-0.02239,-0.092467,-0.017441,1,0.0096496,0.28678,0.047034
omega_Q,-0.026131,-0.024,-0.073434,0.24215,0.009789,0.0096496,1,-0.084511,-0.049989
omega_V2,0.0014301,-0.43815,0.028424,-0.059992,-0.02312,0.28678,-0.084511,1,0.038563
b,0.0088226,-0.033459,-0.0013196,0.036123,-0.020825,0.047034,-0.049989,0.038563,1
