Cl_pop,0.48909,-0.22869,0.13801,-1.3376,-0.00052494,-0.0021755,0.0065472,0.0085135,-0.033544,-0.00017761,4.127e-5
V1_pop,-0.22869,17.313,-3.9263,44.868,-0.0028729,0.042452,-0.048869,-0.24974,0.59272,-0.0011072,0.0014212
Q_pop,0.13801,-3.9263,6.714,-10.187,0.0015375,-0.0080073,0.065293,0.16056,-0.21336,0.00038805,-0.0011573
V2_pop,-1.3376,44.868,-10.187,217.88,-0.014317,0.23385,-0.47226,-0.70288,3.2275,0.0049108,0.00064629
omega_Cl,-0.00052494,-0.0028729,0.0015375,-0.014317,0.0023679,-0.00012792,-0.00071398,0.0001252,-0.0004054,3.06e-5,-1.8868e-5
omega_V1,-0.0021755,0.042452,-0.0080073,0.23385,-0.00012792,0.0052835,0.0088916,-0.0021686,0.010491,-2.4345e-5,1.9803e-5
corr_V2_V1,0.0065472,-0.048869,0.065293,-0.47226,-0.00071398,0.0088916,0.072022,0.0031122,-0.017881,-0.00061958,0.0005469
omega_Q,0.0085135,-0.24974,0.16056,-0.70288,0.0001252,-0.0021686,0.0031122,0.028612,-0.022848,-9.434e-6,-6.3657e-5
omega_V2,-0.033544,0.59272,-0.21336,3.2275,-0.0004054,0.010491,-0.017881,-0.022848,0.11112,0.00030584,-0.00016356
a1,-0.00017761,-0.0011072,0.00038805,0.0049108,3.06e-5,-2.4345e-5,-0.00061958,-9.434e-6,0.00030584,0.0005294,-2.1228e-5
a2,4.127e-5,0.0014212,-0.0011573,0.00064629,-1.8868e-5,1.9803e-5,0.0005469,-6.3657e-5,-0.00016356,-2.1228e-5,4.7866e-5
