Cl_pop,0.121,-0.00128,0.00976,-0.0241,0,0,0,0,0,0,0
V1_pop,-0.00128,2.64,-0.251,3.56,0,0,0,0,0,0,0
Q_pop,0.00976,-0.251,1.31,-0.509,0,0,0,0,0,0,0
V2_pop,-0.0241,3.56,-0.509,12.4,0,0,0,0,0,0,0
omega_Cl,0,0,0,0,0.00229,1.06e-7,-6.79e-6,-1.61e-6,-4.72e-7,-8.67e-8,-1.52e-6
omega_V1,0,0,0,0,1.06e-7,0.00363,0.00108,-0.000204,0.00381,-8.88e-7,-1.56e-5
corr_V2_V1,0,0,0,0,-6.79e-6,0.00108,0.0874,0.00106,-0.0215,3.55e-5,0.000623
omega_Q,0,0,0,0,-1.61e-6,-0.000204,0.00106,0.022,-0.000687,-3.54e-6,-6.21e-5
omega_V2,0,0,0,0,-4.72e-7,0.00381,-0.0215,-0.000687,0.025,-1.06e-5,-0.000186
a1,0,0,0,0,-8.67e-8,-8.88e-7,3.55e-5,-3.54e-6,-1.06e-5,0.000493,-2.28e-6
a2,0,0,0,0,-1.52e-6,-1.56e-5,0.000623,-6.21e-5,-0.000186,-2.28e-6,4.15e-5
