Cl_pop,0.52499,-6.9703e-7,0.072444,6.1451e-7,-0.00010329,-2.1109e-8,-0.00077952,1.2592e-8,8.5184e-5
V1_pop,-6.9703e-7,1.0437e-8,-8.2736e-6,-3.7889e-9,7.5373e-8,2.8378e-11,1.1884e-6,-7.5e-11,-1.9666e-8
Q_pop,0.072444,-8.2736e-6,7.1221,7.3856e-6,0.0013902,-1.5342e-7,-0.0080786,2.299e-7,0.000292
V2_pop,6.1451e-7,-3.7889e-9,7.3856e-6,9.1853e-9,-1.1878e-7,1.6938e-12,-3.7926e-7,6.3041e-11,5.493e-8
omega_Cl,-0.00010329,7.5373e-8,0.0013902,-1.1878e-7,0.0026298,-1.4722e-9,0.00017861,-1.481e-10,-7.4012e-6
omega_V1,-2.1109e-8,2.8378e-11,-1.5342e-7,1.6938e-12,-1.4722e-9,2.0304e-12,4.878e-10,-7.6093e-13,-5.528e-10
omega_Q,-0.00077952,1.1884e-6,-0.0080786,-3.7926e-7,0.00017861,4.878e-10,0.051468,-1.6865e-8,-0.00012962
omega_V2,1.2592e-8,-7.5e-11,2.299e-7,6.3041e-11,-1.481e-10,-7.6093e-13,-1.6865e-8,2.2316e-12,5.4837e-10
b,8.5184e-5,-1.9666e-8,0.000292,5.493e-8,-7.4012e-6,-5.528e-10,-0.00012962,5.4837e-10,6.8507e-5
