Cl_pop,0.122,5.68e-5,0.00843,-0.00925,0,0,0,0,0,0,0
V1_pop,5.68e-5,3.01,-0.289,4.2,0,0,0,0,0,0,0
Q_pop,0.00843,-0.289,1.51,-0.116,0,0,0,0,0,0,0
V2_pop,-0.00925,4.2,-0.116,11.6,0,0,0,0,0,0,0
omega_Cl,0,0,0,0,0.0023,7.02e-8,-2.45e-6,-1.57e-6,-1.49e-6,-7.62e-8,-1.4e-6
omega_V1,0,0,0,0,7.02e-8,0.00423,0.000157,-0.000224,0.00442,-7.61e-7,-1.4e-5
corr_V2_V1,0,0,0,0,-2.45e-6,0.000157,0.018,0.000998,-0.00417,1.38e-5,0.000254
omega_Q,0,0,0,0,-1.57e-6,-0.000224,0.000998,0.0211,-0.000287,-3.08e-6,-5.66e-5
omega_V2,0,0,0,0,-1.49e-6,0.00442,-0.00417,-0.000287,0.0166,-4.56e-6,-8.38e-5
a1,0,0,0,0,-7.62e-8,-7.61e-7,1.38e-5,-3.08e-6,-4.56e-6,0.000495,-2.19e-6
a2,0,0,0,0,-1.4e-6,-1.4e-5,0.000254,-5.66e-5,-8.38e-5,-2.19e-6,3.87e-5
