Cl_pop,0.49373,-0.027275,0.07072,-0.065856,-0.00027145,5.6681e-5,-1.916e-5,0.00048736,0.00043004,-0.000199,3.0284e-5
V1_pop,-0.027275,12.512,-3.0942,17.853,0.00024266,-0.023922,-0.00013683,-0.030606,-0.033052,-0.0026206,0.0023337
Q_pop,0.07072,-3.0942,8.1101,-4.9226,0.00028335,0.026735,-0.00022198,0.049695,0.032286,0.00012477,-0.0021038
V2_pop,-0.065856,17.853,-4.9226,30.418,0.0025137,-0.025286,0.00098558,-0.071154,-0.022318,0.0015808,0.0033849
omega_Cl,-0.00027145,0.00024266,0.00028335,0.0025137,0.0023851,-1.5078e-5,-4.7098e-7,6.3267e-5,-5.3342e-5,2.9925e-5,-1.1266e-5
omega_V1,5.6681e-5,-0.023922,0.026735,-0.025286,-1.5078e-5,0.0055762,5.4763e-5,-0.0016877,0.0067498,6.1055e-5,-5.2781e-5
corr_V2_V1,-1.916e-5,-0.00013683,-0.00022198,0.00098558,-4.7098e-7,5.4763e-5,4.9778e-6,-3.6891e-5,7.0052e-5,1.4498e-6,-8.355e-7
omega_Q,0.00048736,-0.030606,0.049695,-0.071154,6.3267e-5,-0.0016877,-3.6891e-5,0.020435,-0.0020201,-1.449e-5,-4.2541e-5
omega_V2,0.00043004,-0.033052,0.032286,-0.022318,-5.3342e-5,0.0067498,7.0052e-5,-0.0020201,0.0089663,3.4383e-5,-4.3779e-5
a1,-0.000199,-0.0026206,0.00012477,0.0015808,2.9925e-5,6.1055e-5,1.4498e-6,-1.449e-5,3.4383e-5,0.00052531,-1.5439e-5
a2,3.0284e-5,0.0023337,-0.0021038,0.0033849,-1.1266e-5,-5.2781e-5,-8.355e-7,-4.2541e-5,-4.3779e-5,-1.5439e-5,3.8987e-5
