Cl_pop,1,0.116,-0.000726,0.0369,0.00548,0,0,0,0,0,0,0
beta_Cl_logtCLCRMLMIN,0.116,1,0.00491,-0.0018,0.0123,0,0,0,0,0,0,0
V1_pop,-0.000726,0.00491,1,-0.252,0.591,0,0,0,0,0,0,0
Q_pop,0.0369,-0.0018,-0.252,1,-0.185,0,0,0,0,0,0,0
V2_pop,0.00548,0.0123,0.591,-0.185,1,0,0,0,0,0,0,0
omega_Cl,0,0,0,0,0,1,0.000275,-0.00254,-0.000359,0.00128,-0.000228,-0.00839
omega_V1,0,0,0,0,0,0.000275,1,0.00264,-0.0635,0.344,-0.00124,-0.0458
corr_V2_V1,0,0,0,0,0,-0.00254,0.00264,1,0.00326,-0.606,0.01,0.369
omega_Q,0,0,0,0,0,-0.000359,-0.0635,0.00326,1,-0.037,-0.00362,-0.133
omega_V2,0,0,0,0,0,0.00128,0.344,-0.606,-0.037,1,-0.0064,-0.236
a1,0,0,0,0,0,-0.000228,-0.00124,0.01,-0.00362,-0.0064,1,-0.0139
a2,0,0,0,0,0,-0.00839,-0.0458,0.369,-0.133,-0.236,-0.0139,1
