Cl_pop,1,0.00039183,0.036298,0.00095946,-0.0041536,-0.0048125,-0.0052308,0.0032433,0.013541
V1_pop,0.00039183,1,0.0032102,-0.10679,0.011913,-0.025417,0.01809,-0.34288,0.016099
Q_pop,0.036298,0.0032102,1,0.038443,0.0087989,-0.035451,-0.0078797,0.045765,0.0078608
V2_pop,0.00095946,-0.10679,0.038443,1,-0.029368,-0.090343,0.011377,0.60203,0.0098091
omega_Cl,-0.0041536,0.011913,0.0087989,-0.029368,1,0.015286,0.013929,-0.025412,-0.019108
omega_V1,-0.0048125,-0.025417,-0.035451,-0.090343,0.015286,1,-0.015161,-0.078095,0.047575
omega_Q,-0.0052308,0.01809,-0.0078797,0.011377,0.013929,-0.015161,1,-0.017212,-0.066797
omega_V2,0.0032433,-0.34288,0.045765,0.60203,-0.025412,-0.078095,-0.017212,1,-0.0097503
b,0.013541,0.016099,0.0078608,0.0098091,-0.019108,0.047575,-0.066797,-0.0097503,1
