Cl_pop,0.51902,4.3761e-9,0.071654,2.0635e-8,-0.00015237,-1.257e-9,-0.00087558,9.7158e-10,8.0481e-5
V1_pop,4.3761e-9,2.4032e-10,1.3636e-7,-4.9422e-11,9.4035e-9,-1.4286e-13,6.5156e-8,-2.2103e-12,2.059e-9
Q_pop,0.071654,1.3636e-7,7.5081,3.1447e-6,0.0012276,-3.5219e-8,-0.0050166,5.2144e-8,0.0001777
V2_pop,2.0635e-8,-4.9422e-11,3.1447e-6,8.9122e-10,-4.4643e-8,-9.7786e-13,7.8915e-8,7.4733e-12,2.416e-9
omega_Cl,-0.00015237,9.4035e-9,0.0012276,-4.4643e-8,0.0025928,2.8221e-10,0.0001648,-5.3804e-10,-8.0271e-6
omega_V1,-1.257e-9,-1.4286e-13,-3.5219e-8,-9.7786e-13,2.8221e-10,1.3145e-13,-1.2772e-9,-1.1774e-14,1.4231e-10
omega_Q,-0.00087558,6.5156e-8,-0.0050166,7.8915e-8,0.0001648,-1.2772e-9,0.053984,-1.6629e-9,-0.00012804
omega_V2,9.7158e-10,-2.2103e-12,5.2144e-8,7.4733e-12,-5.3804e-10,-1.1774e-14,-1.6629e-9,1.729e-13,-3.3449e-11
b,8.0481e-5,2.059e-9,0.0001777,2.416e-9,-8.0271e-6,1.4231e-10,-0.00012804,-3.3449e-11,6.8067e-5
