Cl_pop,0.12362,-0.013964,0.019668,-0.0042865,-0.00010186,-0.0005333,-9.7485e-5,0.00081881,-0.00070962,-5.3781e-5,2.3718e-5
V1_pop,-0.013964,3.3276,-0.74274,4.0486,-1.7123e-6,0.043047,0.0052418,-0.063701,0.056872,-0.00085792,0.0002633
Q_pop,0.019668,-0.74274,1.6952,-0.50894,0.00033261,-0.023301,-0.003749,0.040132,-0.032127,0.0002113,-0.00026747
V2_pop,-0.0042865,4.0486,-0.50894,6.5783,-0.00058357,0.023963,-0.0011032,-0.046794,0.031589,-0.00061695,0.001173
omega_Cl,-0.00010186,-1.7123e-6,0.00033261,-0.00058357,0.002352,-2.2051e-5,1.5976e-6,0.0001104,-3.2495e-5,2.4194e-5,-1.1234e-5
omega_V1,-0.0005333,0.043047,-0.023301,0.023963,-2.2051e-5,0.0058937,0.00031468,-0.0035056,0.0075997,-2.3781e-5,-3.0309e-5
corr_V2_V1,-9.7485e-5,0.0052418,-0.003749,-0.0011032,1.5976e-6,0.00031468,5.4266e-5,-0.00037307,0.00041752,-4.6204e-6,-3.7614e-6
omega_Q,0.00081881,-0.063701,0.040132,-0.046794,0.0001104,-0.0035056,-0.00037307,0.023217,-0.0049634,0.00010925,-8.0174e-5
omega_V2,-0.00070962,0.056872,-0.032127,0.031589,-3.2495e-5,0.0075997,0.00041752,-0.0049634,0.010068,-3.8219e-5,-2.9644e-5
a1,-5.3781e-5,-0.00085792,0.0002113,-0.00061695,2.4194e-5,-2.3781e-5,-4.6204e-6,0.00010925,-3.8219e-5,0.00051332,-1.4948e-5
a2,2.3718e-5,0.0002633,-0.00026747,0.001173,-1.1234e-5,-3.0309e-5,-3.7614e-6,-8.0174e-5,-2.9644e-5,-1.4948e-5,4.1985e-5
