Cl_pop,1,-0.010209,0.047854,-0.0074383,0,0,0,0,0
V1_pop,-0.010209,1,-0.47995,0.049898,0,0,0,0,0
Q_pop,0.047854,-0.47995,1,-0.057703,0,0,0,0,0
V2_pop,-0.0074383,0.049898,-0.057703,1,0,0,0,0,0
omega_Cl,0,0,0,0,1,0.0005473,-0.0009652,-0.0031307,-0.0098594
omega_V1,0,0,0,0,0.0005473,1,-0.20619,-0.02385,-0.14043
omega_Q,0,0,0,0,-0.0009652,-0.20619,1,0.010258,-0.12841
omega_V2,0,0,0,0,-0.0031307,-0.02385,0.010258,1,-0.089677
b,0,0,0,0,-0.0098594,-0.14043,-0.12841,-0.089677,1
