Cl_pop,1,0.015935,0.027775,-0.041327,0,0,0,0,0
V1_pop,0.015935,1,-0.18949,0.24273,0,0,0,0,0
Q_pop,0.027775,-0.18949,1,-0.096004,0,0,0,0,0
V2_pop,-0.041327,0.24273,-0.096004,1,0,0,0,0,0
omega_Cl,0,0,0,0,1,0.00066487,-0.00039289,-0.0032311,-0.0079582
omega_V1,0,0,0,0,0.00066487,1,-0.012487,-0.007529,-0.27608
omega_Q,0,0,0,0,-0.00039289,-0.012487,1,0.010623,-0.054041
omega_V2,0,0,0,0,-0.0032311,-0.007529,0.010623,1,-0.27578
b,0,0,0,0,-0.0079582,-0.27608,-0.054041,-0.27578,1
