Cl_pop,0.52917,0.021062,0.056678,-0.27884,0,0,0,0,0
V1_pop,0.021062,3.3017,-0.96588,4.0908,0,0,0,0,0
Q_pop,0.056678,-0.96588,7.8689,-2.4978,0,0,0,0,0
V2_pop,-0.27884,4.0908,-2.4978,86.028,0,0,0,0,0
omega_Cl,0,0,0,0,0.0025901,1.8847e-6,-4.3391e-6,-8.1302e-5,-3.6649e-6
omega_V1,0,0,0,0,1.8847e-6,0.0031023,-0.00015093,-0.00020733,-0.00013914
omega_Q,0,0,0,0,-4.3391e-6,-0.00015093,0.047091,0.0011397,-0.00010612
omega_V2,0,0,0,0,-8.1302e-5,-0.00020733,0.0011397,0.24444,-0.0012338
b,0,0,0,0,-3.6649e-6,-0.00013914,-0.00010612,-0.0012338,8.1882e-5
