Cl_pop,1,0.11632,0.0021311,0.03221,0.008745,-0.0086591,-0.0081892,-0.025319,0.0062335,0.011822,-0.0096265,0.0087865
beta_Cl_logtCLCRMLMIN,0.11632,1,0.021687,-0.0064247,0.042326,-0.0026621,-0.017183,-0.035185,0.0026341,0.035502,0.0062212,0.010955
V1_pop,0.0021311,0.021687,1,-0.27207,0.83962,-0.034185,-0.16208,-0.31592,-0.11992,0.30838,-0.043198,0.246
Q_pop,0.03221,-0.0064247,-0.27207,1,-0.237,0.017614,0.035065,0.045032,0.22162,-0.08187,-0.0004919,-0.12451
V2_pop,0.008745,0.042326,0.83962,-0.237,1,-0.065069,-0.26167,-0.62731,-0.048333,0.63283,-0.063416,0.39832
omega_Cl,-0.0086591,-0.0026621,-0.034185,0.017614,-0.065069,1,0.025604,0.071713,0.00877,-0.056593,0.020498,-0.0601
omega_V1,-0.0081892,-0.017183,-0.16208,0.035065,-0.26167,0.025604,1,0.39275,-0.068795,0.359,0.040039,-0.20741
corr_V2_V1,-0.025319,-0.035185,-0.31592,0.045032,-0.62731,0.071713,0.39275,1,-0.038606,-0.50112,0.066417,-0.3412
omega_Q,0.0062335,0.0026341,-0.11992,0.22162,-0.048333,0.00877,-0.068795,-0.038606,1,-0.0047463,0.0045194,-0.059686
omega_V2,0.011822,0.035502,0.30838,-0.08187,0.63283,-0.056593,0.359,-0.50112,-0.0047463,1,-0.039454,0.26566
a1,-0.0096265,0.0062212,-0.043198,-0.0004919,-0.063416,0.020498,0.040039,0.066417,0.0045194,-0.039454,1,-0.10711
a2,0.0087865,0.010955,0.246,-0.12451,0.39832,-0.0601,-0.20741,-0.3412,-0.059686,0.26566,-0.10711,1
