Cl_pop,0.58797,-0.39205,0.16666,-14.962,-0.0098247,-0.00045915,0.027863,0.021486,-0.096901,-0.00014372,-0.00072425
V1_pop,-0.39205,17.272,-1.3787,105.19,-0.0089499,0.067409,0.6821,-0.14424,0.44653,-0.0031756,0.0054051
Q_pop,0.16666,-1.3787,2.9858,-18.03,-0.0043386,0.01305,0.16082,0.074778,-0.028971,0.00072758,-0.0032084
V2_pop,-14.962,105.19,-18.03,2629,0.095623,0.14266,-3.0816,-2.3889,13.636,-0.018768,0.10609
omega_Cl,-0.0098247,-0.0089499,-0.0043386,0.095623,0.0031694,-0.00043709,-0.0050697,4.0339e-5,-7.7825e-5,4.2699e-5,-2.0146e-5
omega_V1,-0.00045915,0.067409,0.01305,0.14266,-0.00043709,0.0054273,0.023536,-0.0018021,0.0071948,-1.8662e-5,-5.2602e-6
corr_V2_V1,0.027863,0.6821,0.16082,-3.0816,-0.0050697,0.023536,0.28028,-0.0020076,0.0018995,-0.00023625,-0.00013563
omega_Q,0.021486,-0.14424,0.074778,-2.3889,4.0339e-5,-0.0018021,-0.0020076,0.019034,-0.017967,9.5625e-5,-0.00031341
omega_V2,-0.096901,0.44653,-0.028971,13.636,-7.7825e-5,0.0071948,0.0018995,-0.017967,0.16661,5.5209e-7,0.00043666
a1,-0.00014372,-0.0031756,0.00072758,-0.018768,4.2699e-5,-1.8662e-5,-0.00023625,9.5625e-5,5.5209e-7,0.00053597,-2.655e-5
a2,-0.00072425,0.0054051,-0.0032084,0.10609,-2.0146e-5,-5.2602e-6,-0.00013563,-0.00031341,0.00043666,-2.655e-5,6.725e-5
