Cl_pop,0.546,-2.4369e-5,0.27014,5.9642e-5,-0.00067671,1.7572e-7,0.018064,6.9002e-7,-0.00072097
V1_pop,-2.4369e-5,4.9191e-8,-0.00035188,-1.0212e-7,7.2592e-7,-3.0881e-10,-3.4474e-5,-1.1954e-9,1.3749e-6
Q_pop,0.27014,-0.00035188,9.4318,0.00087954,-0.0039709,2.5624e-6,0.25019,1.0168e-5,-0.011603
V2_pop,5.9642e-5,-1.0212e-7,0.00087954,2.5822e-7,-1.461e-6,7.4239e-10,7.7807e-5,2.9709e-9,-3.4501e-6
omega_Cl,-0.00067671,7.2592e-7,-0.0039709,-1.461e-6,0.0027229,-4.6932e-9,-0.00035201,-1.7068e-8,1.1989e-5
omega_V1,1.7572e-7,-3.0881e-10,2.5624e-6,7.4239e-10,-4.6932e-9,2.9711e-12,2.4101e-7,8.6309e-12,-1.0117e-8
omega_Q,0.018064,-3.4474e-5,0.25019,7.7807e-5,-0.00035201,2.4101e-7,0.07661,9.0885e-7,-0.0011652
omega_V2,6.9002e-7,-1.1954e-9,1.0168e-5,2.9709e-9,-1.7068e-8,8.6309e-12,9.0885e-7,3.4361e-11,-3.9815e-8
b,-0.00072097,1.3749e-6,-0.011603,-3.4501e-6,1.1989e-5,-1.0117e-8,-0.0011652,-3.9815e-8,0.00011309
