Cl_pop,1,-0.031,0.0434,-0.101,nan,-0.0219,0.0156,0.0164,-0.0953,0.032
V1_pop,-0.031,1,-0.254,0.294,nan,0.049,-0.00648,-0.241,0.246,-0.0741
Q_pop,0.0434,-0.254,1,-0.238,nan,-0.0334,-0.0113,0.193,-0.183,0.0785
V2_pop,-0.101,0.294,-0.238,1,nan,0.154,-0.137,-0.129,0.911,-0.262
p_pop,nan,nan,nan,nan,nan,nan,nan,nan,nan,nan
omega_Cl,-0.0219,0.049,-0.0334,0.154,nan,1,-0.0262,-0.019,0.144,-0.043
omega_V1,0.0156,-0.00648,-0.0113,-0.137,nan,-0.0262,1,-0.0443,-0.146,-0.0227
omega_Q,0.0164,-0.241,0.193,-0.129,nan,-0.019,-0.0443,1,-0.133,0.00592
omega_V2,-0.0953,0.246,-0.183,0.911,nan,0.144,-0.146,-0.133,1,-0.236
a,0.032,-0.0741,0.0785,-0.262,nan,-0.043,-0.0227,0.00592,-0.236,1
