Cl_pop,0.00134,0.0444,-0.023,-0.0123,nan,0.000194,0.0344,-0.0135,0.00323,2.14e-5
V1_pop,0.0444,52.3,-27.2,-14.1,nan,0.328,40.3,-15.7,4.16,-0.0102
Q_pop,-0.023,-27.2,14.1,7.31,nan,-0.171,-21,8.18,-2.16,0.00534
V2_pop,-0.0123,-14.1,7.31,3.79,nan,-0.088,-10.8,4.23,-1.12,0.00269
p_pop,nan,nan,nan,nan,nan,nan,nan,nan,nan,nan
omega_Cl,0.000194,0.328,-0.171,-0.088,nan,0.00283,0.254,-0.0988,0.0264,-0.000116
omega_V1,0.0344,40.3,-21,-10.8,nan,0.254,31.2,-12.2,3.21,-0.00812
omega_Q,-0.0135,-15.7,8.18,4.23,nan,-0.0988,-12.2,4.74,-1.25,0.00289
omega_V2,0.00323,4.16,-2.16,-1.12,nan,0.0264,3.21,-1.25,0.337,-0.001
a,2.14e-5,-0.0102,0.00534,0.00269,nan,-0.000116,-0.00812,0.00289,-0.001,0.000193
