Cl_pop,0.49362,-0.035055,0.067782,-0.045109,-0.00040036,8.3379e-5,-8.3823e-6,0.00041006,0.00019361,-9.9715e-5,1.6451e-5
V1_pop,-0.035055,15.155,-3.3683,22.438,-0.00048647,0.0042376,-0.0023913,-0.066689,-0.0061333,-0.0029996,0.002333
Q_pop,0.067782,-3.3683,8.0152,-6.0148,0.0009381,0.039098,0.0039213,0.0358,0.0759,0.0024692,-0.002759
V2_pop,-0.045109,22.438,-6.0148,37.672,-0.0020455,-0.008371,-0.010994,-0.1543,-0.082184,-0.0055469,0.0049818
omega_Cl,-0.00040036,-0.00048647,0.0009381,-0.0020455,0.0023903,-2.414e-5,6.3784e-6,9.9266e-5,-1.5543e-5,2.1601e-5,-8.1324e-6
omega_V1,8.3379e-5,0.0042376,0.039098,-0.008371,-2.414e-5,0.0065622,0.00011996,-0.00098693,0.0082423,7.501e-5,-6.9294e-5
corr_V2_V1,-8.3823e-6,-0.0023913,0.0039213,-0.010994,6.3784e-6,0.00011996,2.5807e-5,0.00017128,0.00029894,8.9093e-6,-6.4557e-6
omega_Q,0.00041006,-0.066689,0.0358,-0.1543,9.9266e-5,-0.00098693,0.00017128,0.020796,-0.00013465,8.9662e-5,-9.7379e-5
omega_V2,0.00019361,-0.0061333,0.0759,-0.082184,-1.5543e-5,0.0082423,0.00029894,-0.00013465,0.012436,0.00011738,-0.00011873
a1,-9.9715e-5,-0.0029996,0.0024692,-0.0055469,2.1601e-5,7.501e-5,8.9093e-6,8.9662e-5,0.00011738,0.00051891,-1.1936e-5
a2,1.6451e-5,0.002333,-0.002759,0.0049818,-8.1324e-6,-6.9294e-5,-6.4557e-6,-9.7379e-5,-0.00011873,-1.1936e-5,3.4216e-5
