Cl_pop,0.1225,-0.0057832,0.015516,-0.0055051,-0.00010483,0.00019248,1.2722e-5,0.0002329,0.00032207,-4.7608e-5,1.4452e-5
V1_pop,-0.0057832,3.1271,-0.49512,4.3775,0.00050648,-0.013372,0.00014134,-0.030895,-0.013466,-0.0010886,0.0011618
Q_pop,0.015516,-0.49512,1.7895,-0.71616,0.00056205,-0.0030628,-0.00025334,0.062945,-0.0036574,0.00025708,-0.00073648
V2_pop,-0.0055051,4.3775,-0.71616,6.4134,0.001595,-0.0058427,0.0012274,-0.053009,-0.00067881,-0.0011102,0.0018621
omega_Cl,-0.00010483,0.00050648,0.00056205,0.001595,0.0022993,-8.0995e-6,3.6608e-6,3.5901e-5,-4.8327e-7,2.0035e-5,-5.0851e-6
omega_V1,0.00019248,-0.013372,-0.0030628,-0.0058427,-8.0995e-6,0.008436,0.00021755,-0.0029534,0.010395,0.00010194,-5.0634e-5
corr_V2_V1,1.2722e-5,0.00014134,-0.00025334,0.0012274,3.6608e-6,0.00021755,1.3429e-5,-0.00011784,0.00028454,5.1961e-6,4.9648e-8
omega_Q,0.0002329,-0.030895,0.062945,-0.053009,3.5901e-5,-0.0029534,-0.00011784,0.025707,-0.0038605,2.8176e-5,-8.9298e-5
omega_V2,0.00032207,-0.013466,-0.0036574,-0.00067881,-4.8327e-7,0.010395,0.00028454,-0.0038605,0.013128,0.00011618,-5.3577e-5
a1,-4.7608e-5,-0.0010886,0.00025708,-0.0011102,2.0035e-5,0.00010194,5.1961e-6,2.8176e-5,0.00011618,0.00051958,-1.3578e-5
a2,1.4452e-5,0.0011618,-0.00073648,0.0018621,-5.0851e-6,-5.0634e-5,4.9648e-8,-8.9298e-5,-5.3577e-5,-1.3578e-5,3.9455e-5
