Cl_pop,0.52257,-1.7129e-6,0.072508,-1.3137e-6,-0.00021974,1.2204e-8,-0.0010857,-1.9752e-9,8.8023e-5
V1_pop,-1.7129e-6,7.6814e-8,-3.0275e-5,4.7824e-9,2.6123e-8,5.2388e-10,-6.0363e-7,-2.6469e-11,1.9209e-8
Q_pop,0.072508,-3.0275e-5,7.1524,-6.2255e-6,0.0013486,-1.1472e-7,-0.015993,1.3479e-8,0.0002207
V2_pop,-1.3137e-6,4.7824e-9,-6.2255e-6,6.8317e-9,1.366e-7,-2.7145e-11,1.2045e-6,1.8094e-11,-2.4516e-8
omega_Cl,-0.00021974,2.6123e-8,0.0013486,1.366e-7,0.0026023,1.1373e-10,0.00019465,6.3439e-10,-8.0083e-6
omega_V1,1.2204e-8,5.2388e-10,-1.1472e-7,-2.7145e-11,1.1373e-10,1.463e-11,-1.6733e-8,-4.3945e-13,5.7533e-10
omega_Q,-0.0010857,-6.0363e-7,-0.015993,1.2045e-6,0.00019465,-1.6733e-8,0.053792,3.3516e-9,-0.00012203
omega_V2,-1.9752e-9,-2.6469e-11,1.3479e-8,1.8094e-11,6.3439e-10,-4.3945e-13,3.3516e-9,1.5632e-13,-9.8597e-11
b,8.8023e-5,1.9209e-8,0.0002207,-2.4516e-8,-8.0083e-6,5.7533e-10,-0.00012203,-9.8597e-11,6.7885e-5
