Cl_pop,0.51822,-5.8583e-6,0.06884,-4.7826e-7,-0.00033543,2.8148e-8,-0.00057166,-2.8259e-9,8.4488e-5
V1_pop,-5.8583e-6,5.0025e-7,0.00012114,1.9603e-8,-6.9572e-7,-5.3773e-10,-6.4076e-6,2.3434e-10,-1.4049e-7
Q_pop,0.06884,0.00012114,7.4203,5.9023e-6,0.0011696,-1.4602e-7,-0.020535,7.4147e-8,0.00015748
V2_pop,-4.7826e-7,1.9603e-8,5.9023e-6,1.5371e-9,-8.2919e-8,-5.1251e-11,-5.6805e-7,1.189e-11,-1.2206e-8
omega_Cl,-0.00033543,-6.9572e-7,0.0011696,-8.2919e-8,0.002592,2.2239e-9,0.00020161,-8.3115e-10,-7.3092e-6
omega_V1,2.8148e-8,-5.3773e-10,-1.4602e-7,-5.1251e-11,2.2239e-9,1.4533e-11,3.1302e-8,-4.2477e-13,-8.3124e-12
omega_Q,-0.00057166,-6.4076e-6,-0.020535,-5.6805e-7,0.00020161,3.1302e-8,0.053464,-5.2076e-9,-0.00010696
omega_V2,-2.8259e-9,2.3434e-10,7.4147e-8,1.189e-11,-8.3115e-10,-4.2477e-13,-5.2076e-9,2.0766e-13,1.1376e-11
b,8.4488e-5,-1.4049e-7,0.00015748,-1.2206e-8,-7.3092e-6,-8.3124e-12,-0.00010696,1.1376e-11,6.6817e-5
