Cl_pop,1,0.013406,0.02976,-0.042811,0,0,0,0,0
V1_pop,0.013406,1,-0.20566,0.25138,0,0,0,0,0
Q_pop,0.02976,-0.20566,1,-0.10095,0,0,0,0,0
V2_pop,-0.042811,0.25138,-0.10095,1,0,0,0,0,0
omega_Cl,0,0,0,0,1,0.00071558,-0.00044785,-0.0037202,-0.0083348
omega_V1,0,0,0,0,0.00071558,1,-0.016047,-0.0047962,-0.27651
omega_Q,0,0,0,0,-0.00044785,-0.016047,1,0.010281,-0.056876
omega_V2,0,0,0,0,-0.0037202,-0.0047962,0.010281,1,-0.2609
b,0,0,0,0,-0.0083348,-0.27651,-0.056876,-0.2609,1
