Cl_pop,0.52537,0.017966,0.061592,-0.30317,0,0,0,0,0
V1_pop,0.017966,3.4183,-1.0857,4.5409,0,0,0,0,0
Q_pop,0.061592,-1.0857,8.1532,-2.8164,0,0,0,0,0
V2_pop,-0.30317,4.5409,-2.8164,95.456,0,0,0,0,0
omega_Cl,0,0,0,0,0.0025784,2.1235e-6,-4.7934e-6,-5.3456e-5,-3.9169e-6
omega_V1,0,0,0,0,2.1235e-6,0.0034154,-0.00019767,-7.9318e-5,-0.00014956
omega_Q,0,0,0,0,-4.7934e-6,-0.00019767,0.044429,0.00061325,-0.00011095
omega_V2,0,0,0,0,-5.3456e-5,-7.9318e-5,0.00061325,0.080078,-0.00068328
b,0,0,0,0,-3.9169e-6,-0.00014956,-0.00011095,-0.00068328,8.5652e-5
