Cl_pop,0.49383,-0.027659,0.057999,-0.032973,-0.0001812,0.0004963,-5.7684e-6,0.0004422,0.00047435,-0.00010819,3.6268e-6
V1_pop,-0.027659,14.973,-3.6609,14.137,0.0017572,-0.0053691,0.0060196,-0.12887,-0.0054369,-0.0041925,0.0051507
Q_pop,0.057999,-3.6609,7.9523,-2.5781,-0.00055937,0.004399,-0.0046733,0.1387,0.0034978,0.0026656,-0.0042807
V2_pop,-0.032973,14.137,-2.5781,16.108,0.0012924,-0.039089,-0.0015154,-0.02175,-0.037059,-0.00133,0.0023973
omega_Cl,-0.0001812,0.0017572,-0.00055937,0.0012924,0.0023578,-5.4448e-5,-8.842e-7,4.2545e-6,-6.1691e-5,2.2326e-5,-8.6e-6
omega_V1,0.0004963,-0.0053691,0.004399,-0.039089,-5.4448e-5,0.005324,0.00016511,-0.0029772,0.0052802,-5.666e-5,5.3508e-5
corr_V2_V1,-5.7684e-6,0.0060196,-0.0046733,-0.0015154,-8.842e-7,0.00016511,2.8018e-5,-0.00040824,0.00016538,-1.1235e-5,1.2747e-5
omega_Q,0.0004422,-0.12887,0.1387,-0.02175,4.2545e-6,-0.0029772,-0.00040824,0.030532,-0.0029593,0.00022968,-0.00028464
omega_V2,0.00047435,-0.0054369,0.0034978,-0.037059,-6.1691e-5,0.0052802,0.00016538,-0.0029593,0.0053542,-5.6971e-5,5.5426e-5
a1,-0.00010819,-0.0041925,0.0026656,-0.00133,2.2326e-5,-5.666e-5,-1.1235e-5,0.00022968,-5.6971e-5,0.0005303,-2.0654e-5
a2,3.6268e-6,0.0051507,-0.0042807,0.0023973,-8.6e-6,5.3508e-5,1.2747e-5,-0.00028464,5.5426e-5,-2.0654e-5,4.4888e-5
