Cl_pop,0.12345,-0.004172,0.016404,0.0057198,-5.3156e-5,-0.0016057,-0.00013133,0.00072218,-0.0013583,-0.00013683,2.3739e-5
V1_pop,-0.004172,3.326,-0.59601,3.6266,0.00088003,-0.018172,-0.00021111,-0.017085,-0.01855,-0.00098043,0.00084248
Q_pop,0.016404,-0.59601,1.6355,-0.54542,-1.8968e-5,0.0054816,-0.00061479,0.028608,0.0090364,-0.00010407,-0.000616
V2_pop,0.0057198,3.6266,-0.54542,4.2678,0.0010632,-0.052199,-0.0027558,-0.0042662,-0.046809,-0.002395,0.00092305
omega_Cl,-5.3156e-5,0.00088003,-1.8968e-5,0.0010632,0.002326,-0.00010429,-4.4162e-6,7.5609e-5,-8.9882e-5,1.9018e-5,-7.1598e-6
omega_V1,-0.0016057,-0.018172,0.0054816,-0.052199,-0.00010429,0.013179,0.00059163,-0.0030554,0.012775,0.00031478,-0.0001086
corr_V2_V1,-0.00013133,-0.00021111,-0.00061479,-0.0027558,-4.4162e-6,0.00059163,4.2886e-5,-0.00019347,0.0005535,2.0623e-5,-4.2432e-6
omega_Q,0.00072218,-0.017085,0.028608,-0.0042662,7.5609e-5,-0.0030554,-0.00019347,0.01942,-0.0027694,-5.0638e-5,-4.8125e-5
omega_V2,-0.0013583,-0.01855,0.0090364,-0.046809,-8.9882e-5,0.012775,0.0005535,-0.0027694,0.012679,0.00028874,-0.00011049
a1,-0.00013683,-0.00098043,-0.00010407,-0.002395,1.9018e-5,0.00031478,2.0623e-5,-5.0638e-5,0.00028874,0.0005306,-1.5558e-5
a2,2.3739e-5,0.00084248,-0.000616,0.00092305,-7.1598e-6,-0.0001086,-4.2432e-6,-4.8125e-5,-0.00011049,-1.5558e-5,3.7127e-5
