Cl_pop,1,0.00102,0.0173,-0.0231,0,0,0,0,0,0,0
V1_pop,0.00102,1,-0.103,0.641,0,0,0,0,0,0,0
Q_pop,0.0173,-0.103,1,-0.0248,0,0,0,0,0,0,0
V2_pop,-0.0231,0.641,-0.0248,1,0,0,0,0,0,0,0
omega_Cl,0,0,0,0,1,2.35e-5,0.00112,-0.000168,-0.000876,-6.13e-5,-0.00436
omega_V1,0,0,0,0,2.35e-5,1,0.0343,-0.0162,0.442,-0.000499,-0.0355
corr_V2_V1,0,0,0,0,0.00112,0.0343,1,0.0364,-0.294,0.00421,0.299
omega_Q,0,0,0,0,-0.000168,-0.0162,0.0364,1,-0.0116,-0.000603,-0.0428
omega_V2,0,0,0,0,-0.000876,0.442,-0.294,-0.0116,1,-0.00164,-0.116
a1,0,0,0,0,-6.13e-5,-0.000499,0.00421,-0.000603,-0.00164,1,-0.0165
a2,0,0,0,0,-0.00436,-0.0355,0.299,-0.0428,-0.116,-0.0165,1
