Cl_pop,1,0.019546,0.037279,-0.023469,-0.0009355,0.015745,-0.0011929,-0.017811,0.0098602
V1_pop,0.019546,1,0.048907,-0.71106,0.08047,0.21699,0.20907,-0.50078,-0.12253
Q_pop,0.037279,0.048907,1,-0.078709,0.017359,0.083841,0.00135,-0.071399,-0.0063431
V2_pop,-0.023469,-0.71106,-0.078709,1,-0.083489,-0.5476,-0.13782,0.77922,0.16317
omega_Cl,-0.0009355,0.08047,0.017359,-0.083489,1,0.051383,0.032683,-0.084661,-0.034967
omega_V1,0.015745,0.21699,0.083841,-0.5476,0.051383,1,0.059628,-0.73839,-0.11669
omega_Q,-0.0011929,0.20907,0.00135,-0.13782,0.032683,0.059628,1,-0.11797,-0.080811
omega_V2,-0.017811,-0.50078,-0.071399,0.77922,-0.084661,-0.73839,-0.11797,1,0.15226
b,0.0098602,-0.12253,-0.0063431,0.16317,-0.034967,-0.11669,-0.080811,0.15226,1
