Cl_pop,0.5189,4.0461e-6,0.073784,-2.7482e-5,-3.4571e-5,4.3267e-8,-0.00020306,-2.3399e-7,5.9566e-5
V1_pop,4.0461e-6,8.2576e-8,3.8615e-5,-3.3216e-7,1.1863e-6,2.3788e-10,1.4198e-5,-2.6245e-9,-2.9529e-7
Q_pop,0.073784,3.8615e-5,7.5495,-0.00035155,0.0024469,8.7882e-7,0.00087659,-3.5779e-6,-0.00014616
V2_pop,-2.7482e-5,-3.3216e-7,-0.00035155,2.6425e-6,-6.9625e-6,-3.3959e-9,-5.2945e-5,2.3102e-8,2.2244e-6
omega_Cl,-3.4571e-5,1.1863e-6,0.0024469,-6.9625e-6,0.0026317,1.0056e-8,0.00039622,-7.921e-8,-1.5044e-5
omega_V1,4.3267e-8,2.3788e-10,8.7882e-7,-3.3959e-9,1.0056e-8,1.4553e-11,5.3756e-8,-5.1374e-11,-3.7332e-9
omega_Q,-0.00020306,1.4198e-5,0.00087659,-5.2945e-5,0.00039622,5.3756e-8,0.055846,-5.0846e-7,-0.00016016
omega_V2,-2.3399e-7,-2.6245e-9,-3.5779e-6,2.3102e-8,-7.921e-8,-5.1374e-11,-5.0846e-7,3.3262e-10,2.3288e-8
b,5.9566e-5,-2.9529e-7,-0.00014616,2.2244e-6,-1.5044e-5,-3.7332e-9,-0.00016016,2.3288e-8,7.0332e-5
