Cl_pop,1,0.058888,0.058589,-0.099476,0.0029443,-0.095493,0.017712,0.04693,0.0065649
V1_pop,0.058888,1,0.13002,-0.49078,0.035761,-0.60913,0.07266,0.038323,-0.063354
Q_pop,0.058589,0.13002,1,-0.23963,0.023859,-0.22497,0.038491,0.12784,-0.0054315
V2_pop,-0.099476,-0.49078,-0.23963,1,-0.059869,0.91248,-0.21008,-0.51029,0.055477
omega_Cl,0.0029443,0.035761,0.023859,-0.059869,1,-0.063,0.025948,0.039944,-0.022497
omega_V1,-0.095493,-0.60913,-0.22497,0.91248,-0.063,1,-0.19787,-0.36689,0.05534
omega_Q,0.017712,0.07266,0.038491,-0.21008,0.025948,-0.19787,1,0.093809,-0.075152
omega_V2,0.04693,0.038323,0.12784,-0.51029,0.039944,-0.36689,0.093809,1,-0.006166
b,0.0065649,-0.063354,-0.0054315,0.055477,-0.022497,0.05534,-0.075152,-0.006166,1
