Cl_pop,1,0.10809,-0.010428,0.054012,-0.019886,-0.011218,0.0037434,0.00023116,0.022162,0.002068,-0.0056995,-0.0081972
beta_Cl_logtCLCRMLMIN,0.10809,1,0.022999,-0.022411,0.033529,0.00092724,-0.033207,-0.040877,-0.024706,-0.03457,0.010882,0.016898
V1_pop,-0.010428,0.022999,1,-0.06484,0.97482,0.0078024,-0.074136,-0.036442,-0.068223,-0.074998,-0.02433,0.076638
Q_pop,0.054012,-0.022411,-0.06484,1,-0.094806,0.0052223,0.04286,0.066527,0.11062,0.046941,0.00072865,-0.09402
V2_pop,-0.019886,0.033529,0.97482,-0.094806,1,0.0038107,-0.10345,-0.062814,-0.095083,-0.10257,-0.036562,0.1427
omega_Cl,-0.011218,0.00092724,0.0078024,0.0052223,0.0038107,1,-0.027984,-0.024354,-0.0018699,-0.032586,0.024048,-0.044574
omega_V1,0.0037434,-0.033207,-0.074136,0.04286,-0.10345,-0.027984,1,0.48797,0.02198,0.98442,0.025191,-0.10819
corr_V2_V1,0.00023116,-0.040877,-0.036442,0.066527,-0.062814,-0.024354,0.48797,1,-0.0032008,0.52359,-0.011347,0.019464
omega_Q,0.022162,-0.024706,-0.068223,0.11062,-0.095083,-0.0018699,0.02198,-0.0032008,1,0.018628,0.018873,-0.1389
omega_V2,0.002068,-0.03457,-0.074998,0.046941,-0.10257,-0.032586,0.98442,0.52359,0.018628,1,0.02781,-0.11629
a1,-0.0056995,0.010882,-0.02433,0.00072865,-0.036562,0.024048,0.025191,-0.011347,0.018873,0.02781,1,-0.12742
a2,-0.0081972,0.016898,0.076638,-0.09402,0.1427,-0.044574,-0.10819,0.019464,-0.1389,-0.11629,-0.12742,1
