Cl_pop,0.38191,-0.28667,0.31544,-22.028,-0.0069483,0.026454,0.70134,0.037286,-0.56547,-0.0015786,-0.0017022
V1_pop,-0.28667,5.5633,-0.88758,30.747,-0.0057274,0.036072,0.76773,-0.15927,0.58934,-0.0014893,0.0034715
Q_pop,0.31544,-0.88758,1.3692,-26.974,-0.0058252,0.041105,0.8477,0.070309,-0.61477,-0.0014035,-0.0034678
V2_pop,-22.028,30.747,-26.974,1930.6,0.42164,-2.2377,-59.054,-3.0245,47.249,0.12519,0.1493
omega_Cl,-0.0069483,-0.0057274,-0.0058252,0.42164,0.0027963,-0.001075,-0.024171,-0.00019656,0.010928,7.1975e-5,2.2992e-5
omega_V1,0.026454,0.036072,0.041105,-2.2377,-0.001075,0.0097276,0.1378,0.00057146,-0.054012,-0.00022142,-0.00024126
corr_V2_V1,0.70134,0.76773,0.8477,-59.054,-0.024171,0.1378,3.246,0.036679,-1.5138,-0.0058495,-0.0050445
omega_Q,0.037286,-0.15927,0.070309,-3.0245,-0.00019656,0.00057146,0.036679,0.024731,-0.082338,-9.3214e-5,-0.00033722
omega_V2,-0.56547,0.58934,-0.61477,47.249,0.010928,-0.054012,-1.5138,-0.082338,1.2678,0.0032791,0.0035918
a1,-0.0015786,-0.0014893,-0.0014035,0.12519,7.1975e-5,-0.00022142,-0.0058495,-9.3214e-5,0.0032791,0.00054337,-8.648e-6
a2,-0.0017022,0.0034715,-0.0034678,0.1493,2.2992e-5,-0.00024126,-0.0050445,-0.00033722,0.0035918,-8.648e-6,6.6384e-5
