Cl_pop,1,-0.022693,-0.97453,-0.01792,0.021607,0.0024354,-0.0039064,0.018965,-0.046247,-0.0043135,0.012092,-0.014195,0.012977
beta_Cl_logtWTKG,-0.022693,1,0.039017,0.0065618,-0.0051042,0.0066527,-0.0062639,-0.0037798,0.017263,0.0046819,-0.00045571,-0.0037176,0.0050224
beta_Cl_tCLCRMLMIN,-0.97453,0.039017,1,0.018365,-0.015307,-0.0026061,0.0036786,-0.018438,0.051599,0.0033118,-0.010803,0.01205,-0.010193
V1_pop,-0.01792,0.0065618,0.018365,1,-0.24028,0.92311,0.011092,0.021035,0.1317,-0.086292,0.02774,-0.015825,0.040783
Q_pop,0.021607,-0.0051042,-0.015307,-0.24028,1,-0.17075,-0.0011419,0.047727,-0.10069,0.078199,0.051398,0.0023574,-0.032174
V2_pop,0.0024354,0.0066527,-0.0026061,0.92311,-0.17075,1,0.006233,0.039553,-0.075366,-0.078955,0.041192,-0.021412,0.021536
omega_Cl,-0.0039064,-0.0062639,0.0036786,0.011092,-0.0011419,0.006233,1,-0.0065974,0.028539,-0.007797,0.0047038,0.033825,-0.058523
omega_V1,0.018965,-0.0037798,-0.018438,0.021035,0.047727,0.039553,-0.0065974,1,0.11141,-0.16908,0.95651,0.0099643,-0.093823
corr_V2_V1,-0.046247,0.017263,0.051599,0.1317,-0.10069,-0.075366,0.028539,0.11141,1,-0.044181,0.18807,0.042653,-0.035485
omega_Q,-0.0043135,0.0046819,0.0033118,-0.086292,0.078199,-0.078955,-0.007797,-0.16908,-0.044181,1,-0.18503,0.0063125,-0.0052756
omega_V2,0.012092,-0.00045571,-0.010803,0.02774,0.051398,0.041192,0.0047038,0.95651,0.18807,-0.18503,1,0.021615,-0.11687
a1,-0.014195,-0.0037176,0.01205,-0.015825,0.0023574,-0.021412,0.033825,0.0099643,0.042653,0.0063125,0.021615,1,-0.11329
a2,0.012977,0.0050224,-0.010193,0.040783,-0.032174,0.021536,-0.058523,-0.093823,-0.035485,-0.0052756,-0.11687,-0.11329,1
