Cl_pop,1,0.234,0.0892,-0.147,-0.0917,nan,nan,nan,-0.095,-0.0929,nan,-0.0926,nan,-0.096,-0.0143,-0.0968
V1_pop,0.234,1,0.386,0.565,0.0453,nan,nan,nan,0.0486,0.0541,nan,0.0468,nan,0.0492,-0.00731,0.129
Q_pop,0.0892,0.386,1,-0.495,-0.0694,nan,nan,nan,-0.0767,-0.135,nan,-0.0732,nan,-0.0789,-0.00662,-0.154
V2_pop,-0.147,0.565,-0.495,1,0.129,nan,nan,nan,0.139,0.192,nan,0.133,nan,0.141,0.00274,0.281
omega_Cl,-0.0917,0.0453,-0.0694,0.129,1,nan,nan,nan,0.999,0.339,nan,0.999,nan,0.999,0.0423,0.0248
corr_V1_Cl,nan,nan,nan,nan,nan,nan,nan,nan,nan,nan,nan,nan,nan,nan,nan,nan
corr_Q_Cl,nan,nan,nan,nan,nan,nan,nan,nan,nan,nan,nan,nan,nan,nan,nan,nan
corr_V2_Cl,nan,nan,nan,nan,nan,nan,nan,nan,nan,nan,nan,nan,nan,nan,nan,nan
omega_V1,-0.095,0.0486,-0.0767,0.139,0.999,nan,nan,nan,1,0.355,nan,1,nan,1,0.0447,0.022
corr_V1_Q,-0.0929,0.0541,-0.135,0.192,0.339,nan,nan,nan,0.355,1,nan,0.344,nan,0.364,0.0626,-0.0838
corr_V2_V1,nan,nan,nan,nan,nan,nan,nan,nan,nan,nan,nan,nan,nan,nan,nan,nan
omega_Q,-0.0926,0.0468,-0.0732,0.133,0.999,nan,nan,nan,1,0.344,nan,1,nan,0.999,0.0412,0.0258
corr_V2_Q,nan,nan,nan,nan,nan,nan,nan,nan,nan,nan,nan,nan,nan,nan,nan,nan
omega_V2,-0.096,0.0492,-0.0789,0.141,0.999,nan,nan,nan,1,0.364,nan,0.999,nan,1,0.0453,0.0206
a1,-0.0143,-0.00731,-0.00662,0.00274,0.0423,nan,nan,nan,0.0447,0.0626,nan,0.0412,nan,0.0453,1,-0.118
a2,-0.0968,0.129,-0.154,0.281,0.0248,nan,nan,nan,0.022,-0.0838,nan,0.0258,nan,0.0206,-0.118,1
