Cl_pop,0.00467,0.00236,-0.002,0.000976,-6.7e-5,nan,nan,nan,-5.62e-5,nan,nan,-0.000122,nan,-8.04e-5,-2.65e-5,1.25e-5
V1_pop,0.00236,0.0037,0.00524,0.00514,6.16e-5,nan,nan,nan,5.65e-5,nan,nan,0.000108,nan,0.000135,-2.61e-5,7.92e-6
Q_pop,-0.002,0.00524,0.0173,0.00822,0.000221,nan,nan,nan,0.000192,nan,nan,0.000397,nan,0.000327,-1.45e-5,-1.32e-5
V2_pop,0.000976,0.00514,0.00822,0.0199,0.000303,nan,nan,nan,0.000279,nan,nan,0.000528,nan,0.00082,-5.24e-5,5.27e-5
omega_Cl,-6.7e-5,6.16e-5,0.000221,0.000303,0.00141,nan,nan,nan,0.00123,nan,nan,0.00261,nan,0.002,2.45e-5,-1.19e-5
corr_V1_Cl,nan,nan,nan,nan,nan,nan,nan,nan,nan,nan,nan,nan,nan,nan,nan,nan
corr_Q_Cl,nan,nan,nan,nan,nan,nan,nan,nan,nan,nan,nan,nan,nan,nan,nan,nan
corr_V2_Cl,nan,nan,nan,nan,nan,nan,nan,nan,nan,nan,nan,nan,nan,nan,nan,nan
omega_V1,-5.62e-5,5.65e-5,0.000192,0.000279,0.00123,nan,nan,nan,0.00106,nan,nan,0.00227,nan,0.00174,2.09e-5,-1.02e-5
corr_V1_Q,nan,nan,nan,nan,nan,nan,nan,nan,nan,nan,nan,nan,nan,nan,nan,nan
corr_V2_V1,nan,nan,nan,nan,nan,nan,nan,nan,nan,nan,nan,nan,nan,nan,nan,nan
omega_Q,-0.000122,0.000108,0.000397,0.000528,0.00261,nan,nan,nan,0.00227,nan,nan,0.00484,nan,0.00368,4.54e-5,-2.19e-5
corr_V2_Q,nan,nan,nan,nan,nan,nan,nan,nan,nan,nan,nan,nan,nan,nan,nan,nan
omega_V2,-8.04e-5,0.000135,0.000327,0.00082,0.002,nan,nan,nan,0.00174,nan,nan,0.00368,nan,0.00301,2.81e-5,-1.34e-5
a1,-2.65e-5,-2.61e-5,-1.45e-5,-5.24e-5,2.45e-5,nan,nan,nan,2.09e-5,nan,nan,4.54e-5,nan,2.81e-5,0.000548,-1.91e-5
a2,1.25e-5,7.92e-6,-1.32e-5,5.27e-5,-1.19e-5,nan,nan,nan,-1.02e-5,nan,nan,-2.19e-5,nan,-1.34e-5,-1.91e-5,3.91e-5
