Cl_pop,0.123,-0.000253,0.00888,-0.0121,0,0,0,0,0,0,0
V1_pop,-0.000253,2.59,-0.269,3.22,0,0,0,0,0,0,0
Q_pop,0.00888,-0.269,1.45,-0.284,0,0,0,0,0,0,0
V2_pop,-0.0121,3.22,-0.284,10.2,0,0,0,0,0,0,0
omega_Cl,0,0,0,0,0.00233,1.19e-7,-8.5e-6,-1.5e-6,3.49e-8,-8.46e-8,-1.48e-6
omega_V1,0,0,0,0,1.19e-7,0.00359,0.000629,-0.00022,0.00334,-8.58e-7,-1.5e-5
corr_V2_V1,0,0,0,0,-8.5e-6,0.000629,0.0696,0.0016,-0.0154,3.2e-5,0.000559
omega_Q,0,0,0,0,-1.5e-6,-0.00022,0.0016,0.023,-0.000533,-3.21e-6,-5.61e-5
omega_V2,0,0,0,0,3.49e-8,0.00334,-0.0154,-0.000533,0.0189,-8.37e-6,-0.000146
a1,0,0,0,0,-8.46e-8,-8.58e-7,3.2e-5,-3.21e-6,-8.37e-6,0.000495,-2.19e-6
a2,0,0,0,0,-1.48e-6,-1.5e-5,0.000559,-5.61e-5,-0.000146,-2.19e-6,4.06e-5
