Cl_pop,1,-0.00048372,0.038071,-0.023038,-0.0059628,-0.013344,-0.0085767,-0.010675,0.013367
V1_pop,-0.00048372,1,-0.022702,-0.11836,0.013578,0.24908,0.033496,-0.60502,0.032358
Q_pop,0.038071,-0.022702,1,-0.066967,0.011414,-0.029444,-0.040381,-0.0077911,0.013913
V2_pop,-0.023038,-0.11836,-0.066967,1,-0.024517,-0.023311,0.1281,0.52761,-0.009172
omega_Cl,-0.0059628,0.013578,0.011414,-0.024517,1,-0.016832,0.010971,-0.030621,-0.01669
omega_V1,-0.013344,0.24908,-0.029444,-0.023311,-0.016832,1,0.01231,-0.0083743,0.0078108
omega_Q,-0.0085767,0.033496,-0.040381,0.1281,0.010971,0.01231,1,0.041468,-0.064269
omega_V2,-0.010675,-0.60502,-0.0077911,0.52761,-0.030621,-0.0083743,0.041468,1,-0.039921
b,0.013367,0.032358,0.013913,-0.009172,-0.01669,0.0078108,-0.064269,-0.039921,1
