Cl_pop,0.52276,-5.576e-9,0.073675,-9.9778e-7,-0.00022068,-2.4267e-9,-0.0014429,-6.6517e-9,7.9779e-5
V1_pop,-5.576e-9,2.5418e-10,-9.6874e-7,-1.1303e-10,1.1081e-8,9.9884e-13,1.2426e-7,-8.3126e-12,4.2585e-9
Q_pop,0.073675,-9.6874e-7,7.164,-1.0737e-5,0.0015638,-1.9823e-8,-0.025148,-1.7971e-8,0.0003074
V2_pop,-9.9778e-7,-1.1303e-10,-1.0737e-5,3.5883e-9,-7.5175e-8,-3.5124e-13,1.7854e-6,2.7236e-11,-4.5353e-9
omega_Cl,-0.00022068,1.1081e-8,0.0015638,-7.5175e-8,0.0026202,-2.1671e-10,0.00013066,-1.3508e-9,-7.0524e-6
omega_V1,-2.4267e-9,9.9884e-13,-1.9823e-8,-3.5124e-13,-2.1671e-10,6.3267e-14,7.2046e-10,-1.8152e-15,1.6218e-11
omega_Q,-0.0014429,1.2426e-7,-0.025148,1.7854e-6,0.00013066,7.2046e-10,0.054139,8.315e-9,-0.00012344
omega_V2,-6.6517e-9,-8.3126e-12,-1.7971e-8,2.7236e-11,-1.3508e-9,-1.8152e-15,8.315e-9,7.4266e-13,-2.8399e-10
b,7.9779e-5,4.2585e-9,0.0003074,-4.5353e-9,-7.0524e-6,1.6218e-11,-0.00012344,-2.8399e-10,6.814e-5
