Cl_pop,1,-0.00637,0.0238,0.0141,-0.00535,0.00746,0.00613,0.00843,0.00335
V1_pop,-0.00637,1,-0.251,-0.19,-0.00912,-0.0714,-0.257,-0.116,0.00809
Q_pop,0.0238,-0.251,1,0.133,0.0116,0.0389,0.202,0.0955,0.00535
V2_pop,0.0141,-0.19,0.133,1,0.0625,0.276,0.126,0.546,-0.00885
omega_Cl,-0.00535,-0.00912,0.0116,0.0625,1,0.0102,0.0123,0.0321,-0.00505
omega_V1,0.00746,-0.0714,0.0389,0.276,0.0102,1,0.0451,0.141,-0.0728
omega_Q,0.00613,-0.257,0.202,0.126,0.0123,0.0451,1,0.0769,-0.0178
omega_V2,0.00843,-0.116,0.0955,0.546,0.0321,0.141,0.0769,1,-0.0044
a,0.00335,0.00809,0.00535,-0.00885,-0.00505,-0.0728,-0.0178,-0.0044,1
