Cl_pop,1,-0.0843,-0.0606,nan,-0.0911,0.00211,0.0487,-0.179,0.0251
V1_pop,-0.0843,1,0.0561,nan,0.026,0.0053,-0.0267,0.0671,0.0587
Q_pop,-0.0606,0.0561,1,nan,0.0309,-0.0108,-0.681,0.00957,0.0673
V2_pop,nan,nan,nan,nan,nan,nan,nan,nan,nan
omega_Cl,-0.0911,0.026,0.0309,nan,1,-0.0485,-0.039,0.0426,0.00515
omega_V1,0.00211,0.0053,-0.0108,nan,-0.0485,1,0.00569,0.0035,-0.106
omega_Q,0.0487,-0.0267,-0.681,nan,-0.039,0.00569,1,0.00933,-0.0456
omega_V2,-0.179,0.0671,0.00957,nan,0.0426,0.0035,0.00933,1,-0.0334
a,0.0251,0.0587,0.0673,nan,0.00515,-0.106,-0.0456,-0.0334,1
