Cl_pop,0.5301,-0.13176,0.12063,1.5785e-6,0.00024023,0.00048804,0.010182,8.4508e-9,3.3488e-5
V1_pop,-0.13176,19.015,-7.6148,-0.00010984,-0.021454,-0.026981,-0.80699,-5.8908e-7,-0.0017565
Q_pop,0.12063,-7.6148,10.23,7.1109e-5,0.014892,0.014084,0.53485,3.9537e-7,0.0012968
V2_pop,1.5785e-6,-0.00010984,7.1109e-5,1.4747e-9,2.882e-7,3.3074e-7,8.5837e-6,7.2483e-12,2.6095e-8
omega_Cl,0.00024023,-0.021454,0.014892,2.882e-7,0.0026023,4.5373e-5,0.0017447,1.4803e-9,2.9411e-6
omega_V1,0.00048804,-0.026981,0.014084,3.3074e-7,4.5373e-5,0.0035217,0.001676,2.0005e-9,-2.0262e-5
omega_Q,0.010182,-0.80699,0.53485,8.5837e-6,0.0017447,0.001676,0.085201,4.4537e-8,0.00013668
omega_V2,8.4508e-9,-5.8908e-7,3.9537e-7,7.2483e-12,1.4803e-9,2.0005e-9,4.4537e-8,4.8514e-14,5.8756e-11
a,3.3488e-5,-0.0017565,0.0012968,2.6095e-8,2.9411e-6,-2.0262e-5,0.00013668,5.8756e-11,3.51e-5
