Cl_pop,0.00759,-0.000554,-6.88e-10,nan,-0.00047,1.07e-5,7.42e-10,-0.0145,0.000406
V1_pop,-0.000554,0.0057,5.52e-10,nan,0.000116,2.33e-5,-3.53e-10,0.00469,0.000821
Q_pop,-6.88e-10,5.52e-10,1.7e-14,nan,2.39e-10,-8.2e-11,-1.55e-14,1.15e-9,1.63e-9
V2_pop,nan,nan,nan,nan,nan,nan,nan,nan,nan
omega_Cl,-0.00047,0.000116,2.39e-10,nan,0.00351,-0.000167,-4.04e-10,0.00234,5.65e-5
omega_V1,1.07e-5,2.33e-5,-8.2e-11,nan,-0.000167,0.0034,5.8e-11,0.000189,-0.00114
omega_Q,7.42e-10,-3.53e-10,-1.55e-14,nan,-4.04e-10,5.8e-11,3.05e-14,1.51e-9,-1.47e-9
omega_V2,-0.0145,0.00469,1.15e-9,nan,0.00234,0.000189,1.51e-9,0.856,-0.00572
a,0.000406,0.000821,1.63e-9,nan,5.65e-5,-0.00114,-1.47e-9,-0.00572,0.0343
