Cl_pop,0.0882,0.00833,1.36e-5,0.0107,0.000829,0,0,0,0,0,0,0
beta_Cl_logtCLCRMLMIN,0.00833,0.0588,0.00299,-0.00167,0.00792,0,0,0,0,0,0,0
V1_pop,1.36e-5,0.00299,2.97,-0.398,2.46,0,0,0,0,0,0,0
Q_pop,0.0107,-0.00167,-0.398,1.87,-0.283,0,0,0,0,0,0,0
V2_pop,0.000829,0.00792,2.46,-0.283,6.04,0,0,0,0,0,0,0
omega_Cl,0,0,0,0,0,0.00159,2.55e-7,-2.6e-5,-1.65e-6,3.81e-6,-1.21e-7,-1.94e-6
omega_V1,0,0,0,0,0,2.55e-7,0.00423,0.000604,-0.000378,0.00291,-9.46e-7,-1.52e-5
corr_V2_V1,0,0,0,0,0,-2.6e-5,0.000604,0.128,0.00191,-0.0254,5.33e-5,0.000854
omega_Q,0,0,0,0,0,-1.65e-6,-0.000378,0.00191,0.0253,-0.00048,-4.76e-6,-7.63e-5
omega_V2,0,0,0,0,0,3.81e-6,0.00291,-0.0254,-0.00048,0.0171,-1.18e-5,-0.000189
a1,0,0,0,0,0,-1.21e-7,-9.46e-7,5.33e-5,-4.76e-6,-1.18e-5,0.000495,-2.14e-6
a2,0,0,0,0,0,-1.94e-6,-1.52e-5,0.000854,-7.63e-5,-0.000189,-2.14e-6,4.31e-5
