Cl_pop,1,0.011043,0.036939,-0.004523,-0.0026614,-0.0067039,-0.0062488,-0.0077436,0.012783
V1_pop,0.011043,1,0.057101,0.079739,-0.0076767,-0.73542,-0.047273,-0.19038,0.01001
Q_pop,0.036939,0.057101,1,-0.018004,0.0095381,-0.048847,-0.022275,-0.002425,0.0075855
V2_pop,-0.004523,0.079739,-0.018004,1,-0.0044582,0.31758,0.11963,0.34212,0.077846
omega_Cl,-0.0026614,-0.0076767,0.0095381,-0.0044582,1,0.0052453,0.014719,-0.004749,-0.018723
omega_V1,-0.0067039,-0.73542,-0.048847,0.31758,0.0052453,1,0.084094,0.22782,0.036576
omega_Q,-0.0062488,-0.047273,-0.022275,0.11963,0.014719,0.084094,1,0.054705,-0.056022
omega_V2,-0.0077436,-0.19038,-0.002425,0.34212,-0.004749,0.22782,0.054705,1,0.029354
b,0.012783,0.01001,0.0075855,0.077846,-0.018723,0.036576,-0.056022,0.029354,1
