Cl_pop,0.52053,0.00015621,0.073828,-3.7647e-6,-9.8105e-5,-1.3159e-6,-0.0010539,-3.9595e-8,7.6057e-5
V1_pop,0.00015621,0.00038439,0.0031013,1.8036e-6,-7.6899e-6,-3.9228e-6,-0.00021666,-2.6453e-8,1.6186e-6
Q_pop,0.073828,0.0031013,7.6741,-5.7538e-5,0.00135,-3.6815e-5,-0.014425,-4.7609e-8,0.0001733
V2_pop,-3.7647e-6,1.8036e-6,-5.7538e-5,1.3309e-6,-2.6278e-7,9.968e-8,3.2262e-5,2.7972e-9,7.4064e-7
omega_Cl,-9.8105e-5,-7.6899e-6,0.00135,-2.6278e-7,0.0026105,7.2913e-8,0.00017579,-1.7196e-9,-7.8891e-6
omega_V1,-1.3159e-6,-3.9228e-6,-3.6815e-5,9.968e-8,7.2913e-8,7.402e-8,5.3483e-6,4.3928e-10,8.2066e-8
omega_Q,-0.0010539,-0.00021666,-0.014425,3.2262e-5,0.00017579,5.3483e-6,0.054644,9.0629e-8,-0.000108
omega_V2,-3.9595e-8,-2.6453e-8,-4.7609e-8,2.7972e-9,-1.7196e-9,4.3928e-10,9.0629e-8,5.0227e-11,1.7157e-9
b,7.6057e-5,1.6186e-6,0.0001733,7.4064e-7,-7.8891e-6,8.2066e-8,-0.000108,1.7157e-9,6.8012e-5
