Cl_pop,1,-0.0046028,0.036681,0.0055206,-0.0072185,0.0026999,-0.0055575,0.012834,0.013899
V1_pop,-0.0046028,1,0.020214,-0.51969,-0.012079,-0.24356,0.017025,-0.1312,-0.034218
Q_pop,0.036681,0.020214,1,-0.039042,0.0096572,-0.01825,-0.024105,0.034479,0.0066926
V2_pop,0.0055206,-0.51969,-0.039042,1,0.0091693,0.092948,0.032101,0.31067,0.085832
omega_Cl,-0.0072185,-0.012079,0.0096572,0.0091693,1,-0.0090606,0.017245,-0.0057432,-0.018835
omega_V1,0.0026999,-0.24356,-0.01825,0.092948,-0.0090606,1,0.0026184,0.077609,0.034438
omega_Q,-0.0055575,0.017025,-0.024105,0.032101,0.017245,0.0026184,1,-0.020161,-0.049297
omega_V2,0.012834,-0.1312,0.034479,0.31067,-0.0057432,0.077609,-0.020161,1,0.057567
b,0.013899,-0.034218,0.0066926,0.085832,-0.018835,0.034438,-0.049297,0.057567,1
