Cl_pop,0.12417,-0.034477,0.043672,-0.0065618,-0.00019366,-0.00027394,-6.4796e-5,0.0015399,0.00036391,-3.3347e-5,-1.8135e-5
V1_pop,-0.034477,5.5574,-3.089,3.0115,-0.0066854,0.043445,0.0072288,-0.17874,-0.0033258,-0.0035195,0.0038829
Q_pop,0.043672,-3.089,4.1898,-0.49421,0.0064773,-0.029103,-0.0065093,0.14548,0.016884,0.0028162,-0.0035006
V2_pop,-0.0065618,3.0115,-0.49421,4.4736,0.0025999,-0.029246,-0.0023824,0.0089394,-0.020416,-0.00058199,-0.00017825
omega_Cl,-0.00019366,-0.0066854,0.0064773,0.0025999,0.0024257,-0.00020269,-2.25e-5,0.0004911,-6.0274e-5,2.7036e-5,-1.8317e-5
omega_V1,-0.00027394,0.043445,-0.029103,-0.029246,-0.00020269,0.0051199,0.00020905,-0.0041389,0.0039857,-4.6321e-6,2.2885e-5
corr_V2_V1,-6.4796e-5,0.0072288,-0.0065093,-0.0023824,-2.25e-5,0.00020905,2.5975e-5,-0.00049352,7.5536e-5,-6.0588e-6,9.9487e-6
omega_Q,0.0015399,-0.17874,0.14548,0.0089394,0.0004911,-0.0041389,-0.00049352,0.033415,-0.0014225,0.00015299,-0.00022964
omega_V2,0.00036391,-0.0033258,0.016884,-0.020416,-6.0274e-5,0.0039857,7.5536e-5,-0.0014225,0.0039683,4.1968e-5,-2.9313e-5
a1,-3.3347e-5,-0.0035195,0.0028162,-0.00058199,2.7036e-5,-4.6321e-6,-6.0588e-6,0.00015299,4.1968e-5,0.00051712,-1.5136e-5
a2,-1.8135e-5,0.0038829,-0.0035006,-0.00017825,-1.8317e-5,2.2885e-5,9.9487e-6,-0.00022964,-2.9313e-5,-1.5136e-5,4.0801e-5
