Cl_pop,1,0.00449,0.0336,-0.0542,0,0,0,0
V1_pop,0.00449,1,-0.13,0.193,0,0,0,0
Q_pop,0.0336,-0.13,1,-0.174,0,0,0,0
V2_pop,-0.0542,0.193,-0.174,1,0,0,0,0
omega_Cl,0,0,0,0,1,0.000222,-0.000266,-0.00716
omega_V1,0,0,0,0,0.000222,1,-0.0135,-0.0968
omega_Q,0,0,0,0,-0.000266,-0.0135,1,-0.0627
b,0,0,0,0,-0.00716,-0.0968,-0.0627,1
