Cl_pop,0.00499,2.14e-05,0.000486,-0.000546,0,0,0,0
V1_pop,2.14e-05,0.00457,-0.00181,0.00186,0,0,0,0
Q_pop,0.000486,-0.00181,0.0421,-0.00509,0,0,0,0
V2_pop,-0.000546,0.00186,-0.00509,0.0204,0,0,0,0
omega_Cl,0,0,0,0,0.00252,5.9e-07,-2.06e-06,-8.57e-07
omega_V1,0,0,0,0,5.9e-07,0.0028,-0.000111,-1.22e-05
omega_Q,0,0,0,0,-2.06e-06,-0.000111,0.0238,-2.3e-05
b,0,0,0,0,-8.57e-07,-1.22e-05,-2.3e-05,5.67e-06
