Cl_pop,0.50986,-0.032401,0.10969,-0.29886,0,0,0,0,0
V1_pop,-0.032401,10.31,-2.9734,5.1733,0,0,0,0,0
Q_pop,0.10969,-2.9734,4.4079,-5.2969,0,0,0,0,0
V2_pop,-0.29886,5.1733,-5.2969,203.14,0,0,0,0,0
omega_Cl,0,0,0,0,0.0025538,-1.541e-7,-4.6034e-5,-6.2783e-5,-3.7237e-6
omega_V1,0,0,0,0,-1.541e-7,0.003015,-0.0020135,-0.00016411,-4.3594e-5
omega_Q,0,0,0,0,-4.6034e-5,-0.0020135,0.068947,-0.0012385,-0.00059049
omega_V2,0,0,0,0,-6.2783e-5,-0.00016411,-0.0012385,0.074594,-0.00021705
b,0,0,0,0,-3.7237e-6,-4.3594e-5,-0.00059049,-0.00021705,8.6986e-5
