Cl_pop,0.52898,-0.65466,0.42482,-5.0156,0.0020859,-0.00042963,-0.018883,0.021123,-0.097961,0.0004372,-0.0010573
V1_pop,-0.65466,22.912,-8.0226,94.784,-0.029001,-0.005289,0.2911,-0.4215,1.5402,-0.011753,0.01948
Q_pop,0.42482,-8.0226,9.4195,-47.217,0.017883,0.0019276,-0.1527,0.27095,-0.8951,0.00659,-0.011743
V2_pop,-5.0156,94.784,-47.217,639.94,-0.21106,0.038201,2.3368,-2.3868,11.495,-0.064625,0.12954
omega_Cl,0.0020859,-0.029001,0.017883,-0.21106,0.0024669,-1.3465e-5,-0.00094905,0.00099915,-0.0043821,5.1198e-5,-6.5203e-5
omega_V1,-0.00042963,-0.005289,0.0019276,0.038201,-1.3465e-5,0.0035073,0.00083274,-0.00053941,0.0043898,2.8865e-5,-2.9784e-5
corr_V2_V1,-0.018883,0.2911,-0.1527,2.3368,-0.00094905,0.00083274,0.021738,-0.0091728,0.046386,-0.00030918,0.00067557
omega_Q,0.021123,-0.4215,0.27095,-2.3868,0.00099915,-0.00053941,-0.0091728,0.038279,-0.053937,0.00038648,-0.00066174
omega_V2,-0.097961,1.5402,-0.8951,11.495,-0.0043821,0.0043898,0.046386,-0.053937,0.24045,-0.0013185,0.0025659
a1,0.0004372,-0.011753,0.00659,-0.064625,5.1198e-5,2.8865e-5,-0.00030918,0.00038648,-0.0013185,0.00052887,-3.3653e-5
a2,-0.0010573,0.01948,-0.011743,0.12954,-6.5203e-5,-2.9784e-5,0.00067557,-0.00066174,0.0025659,-3.3653e-5,7.5174e-5
