Cl_pop,0.14628,-0.12267,0.035652,-3.3231,-0.0012411,-0.00055936,0.0062033,0.013241,-0.082746,-4.7424e-5,-0.00041272
V1_pop,-0.12267,4.0388,-0.48039,23.228,-0.0036268,0.0059232,0.082402,-0.058188,0.30503,-0.0014168,0.0028265
Q_pop,0.035652,-0.48039,0.92198,-3.5178,0.0016446,0.0081257,0.019076,0.022518,-0.034245,0.00045143,-0.0014658
V2_pop,-3.3231,23.228,-3.5178,419.47,-0.079221,0.048543,-0.70617,-1.1163,7.7179,-0.0013809,0.038174
omega_Cl,-0.0012411,-0.0036268,0.0016446,-0.079221,0.0025887,-0.000201,-0.0016954,0.00017918,-0.0017526,2.5897e-5,-2.1862e-5
omega_V1,-0.00055936,0.0059232,0.0081257,0.048543,-0.000201,0.0052462,0.017437,-4.137e-5,0.0068234,-3.8586e-6,-1.4159e-5
corr_V2_V1,0.0062033,0.082402,0.019076,-0.70617,-0.0016954,0.017437,0.16102,0.007432,-0.016602,-0.00023935,-5.3595e-5
omega_Q,0.013241,-0.058188,0.022518,-1.1163,0.00017918,-4.137e-5,0.007432,0.019531,-0.037007,0.00011502,-0.00035702
omega_V2,-0.082746,0.30503,-0.034245,7.7179,-0.0017526,0.0068234,-0.016602,-0.037007,0.26951,-0.00011725,0.0010747
a1,-4.7424e-5,-0.0014168,0.00045143,-0.0013809,2.5897e-5,-3.8586e-6,-0.00023935,0.00011502,-0.00011725,0.00053647,-2.1978e-5
a2,-0.00041272,0.0028265,-0.0014658,0.038174,-2.1862e-5,-1.4159e-5,-5.3595e-5,-0.00035702,0.0010747,-2.1978e-5,5.6041e-5
