Cl_pop,1,0.00369,0.0374,-0.0526,0,0,0,0
V1_pop,0.00369,1,-0.143,0.205,0,0,0,0
Q_pop,0.0374,-0.143,1,-0.213,0,0,0,0
V2_pop,-0.0526,0.205,-0.213,1,0,0,0,0
omega_Cl,0,0,0,0,1,0.000207,-0.000311,-0.00706
omega_V1,0,0,0,0,0.000207,1,-0.0127,-0.0911
omega_Q,0,0,0,0,-0.000311,-0.0127,1,-0.0749
b,0,0,0,0,-0.00706,-0.0911,-0.0749,1
