Cl_pop,0.49263,-0.027835,0.073169,-0.062701,-0.00055024,0.00045873,2.7277e-5,-0.00022582,0.00080246,-0.00010509,3.0283e-5
V1_pop,-0.027835,14.695,-3.2226,20.961,0.00036528,-0.02516,-0.0017249,-0.0078548,-0.058137,-0.0024055,0.0033739
Q_pop,0.073169,-3.2226,8.5777,-8.1486,0.00039054,0.051624,0.0053754,-0.03623,0.13293,0.0008715,-0.0047909
V2_pop,-0.062701,20.961,-8.1486,40.198,-0.00085588,-0.11195,-0.017816,0.10125,-0.34319,-0.003786,0.01387
omega_Cl,-0.00055024,0.00036528,0.00039054,-0.00085588,0.0023371,-3.0029e-5,-8.6573e-7,3.6715e-5,-1.6362e-5,2.0422e-5,-8.5101e-6
omega_V1,0.00045873,-0.02516,0.051624,-0.11195,-3.0029e-5,0.0058664,0.00015864,-0.0015397,0.0078459,3.3421e-5,-0.00010596
corr_V2_V1,2.7277e-5,-0.0017249,0.0053754,-0.017816,-8.6573e-7,0.00015864,3.2511e-5,-0.0002497,0.00049781,-2.0152e-6,-1.3499e-5
omega_Q,-0.00022582,-0.0078548,-0.03623,0.10125,3.6715e-5,-0.0015397,-0.0002497,0.02142,-0.0046939,5.1048e-5,6.5886e-5
omega_V2,0.00080246,-0.058137,0.13293,-0.34319,-1.6362e-5,0.0078459,0.00049781,-0.0046939,0.014664,2.9506e-5,-0.00030555
a1,-0.00010509,-0.0024055,0.0008715,-0.003786,2.0422e-5,3.3421e-5,-2.0152e-6,5.1048e-5,2.9506e-5,0.00051678,-1.3431e-5
a2,3.0283e-5,0.0033739,-0.0047909,0.01387,-8.5101e-6,-0.00010596,-1.3499e-5,6.5886e-5,-0.00030555,-1.3431e-5,4.6789e-5
