Cl_pop,0.52415,0.023235,0.054239,-0.16906,0,0,0,0,0
V1_pop,0.023235,3.4903,-1.0653,3.4649,0,0,0,0,0
Q_pop,0.054239,-1.0653,7.7092,-2.2031,0,0,0,0,0
V2_pop,-0.16906,3.4649,-2.2031,66.843,0,0,0,0,0
omega_Cl,0,0,0,0,0.0025809,2.0199e-6,-4.3652e-6,-4.2411e-5,-3.8157e-6
omega_V1,0,0,0,0,2.0199e-6,0.0030663,-0.00022379,-0.00012877,-0.00013278
omega_Q,0,0,0,0,-4.3652e-6,-0.00022379,0.047557,0.0012353,-0.0001096
omega_V2,0,0,0,0,-4.2411e-5,-0.00012877,0.0012353,0.21568,-0.0012295
b,0,0,0,0,-3.8157e-6,-0.00013278,-0.0001096,-0.0012295,8.2371e-5
