Cl_pop,0.0856,0.00815,-0.000589,0.0129,0.00672,0,0,0,0,0,0,0
beta_Cl_logtCLCRMLMIN,0.00815,0.0574,0.00164,-0.00018,0.00534,0,0,0,0,0,0,0
V1_pop,-0.000589,0.00164,3.1,-0.565,1.69,0,0,0,0,0,0,0
Q_pop,0.0129,-0.00018,-0.565,1.3,-0.339,0,0,0,0,0,0,0
V2_pop,0.00672,0.00534,1.69,-0.339,3.16,0,0,0,0,0,0,0
omega_Cl,0,0,0,0,0,0.00155,6.29e-7,-4.78e-5,-2.3e-6,6.71e-6,-2.02e-7,-2.3e-6
omega_V1,0,0,0,0,0,6.29e-7,0.00385,-0.000113,-0.000891,0.00244,-1.54e-6,-1.75e-5
corr_V2_V1,0,0,0,0,0,-4.78e-5,-0.000113,0.254,-0.00088,-0.0448,0.000117,0.00133
omega_Q,0,0,0,0,0,-2.3e-6,-0.000891,-0.00088,0.0341,-0.00053,-1.8e-5,-0.000205
omega_V2,0,0,0,0,0,6.71e-6,0.00244,-0.0448,-0.00053,0.0183,-2.15e-5,-0.000245
a1,0,0,0,0,0,-2.02e-7,-1.54e-6,0.000117,-1.8e-5,-2.15e-5,0.000485,-2e-6
a2,0,0,0,0,0,-2.3e-6,-1.75e-5,0.00133,-0.000205,-0.000245,-2e-6,5.05e-5
