Cl_pop,1,-0.025086,0.04046,0.011573,-0.0012036,-0.019217,-0.0060544,0.0052544,0.012811
V1_pop,-0.025086,1,-0.16669,-0.5203,0.0024476,0.7612,0.11086,-0.14735,-0.026596
Q_pop,0.04046,-0.16669,1,0.10404,0.0088796,-0.14034,-0.034468,0.049629,0.012481
V2_pop,0.011573,-0.5203,0.10404,1,-0.014983,-0.80956,-0.2208,0.75905,0.104
omega_Cl,-0.0012036,0.0024476,0.0088796,-0.014983,1,0.0070262,0.017205,-0.018272,-0.01904
omega_V1,-0.019217,0.7612,-0.14034,-0.80956,0.0070262,1,0.1993,-0.57018,-0.07846
omega_Q,-0.0060544,0.11086,-0.034468,-0.2208,0.017205,0.1993,1,-0.18095,-0.08941
omega_V2,0.0052544,-0.14735,0.049629,0.75905,-0.018272,-0.57018,-0.18095,1,0.11457
b,0.012811,-0.026596,0.012481,0.104,-0.01904,-0.07846,-0.08941,0.11457,1
