Cl_pop,0.52253,-4.978e-6,0.079412,2.9672e-7,-4.4456e-5,-2.6498e-8,-0.0010303,7.7672e-10,7.673e-5
V1_pop,-4.978e-6,7.5357e-8,-0.00012425,-5.0659e-9,3.4333e-8,3.986e-10,7.164e-6,-8.2715e-12,-6.0492e-8
Q_pop,0.079412,-0.00012425,7.3725,1.0019e-5,0.001232,-7.269e-7,-0.022031,2.7557e-8,0.00028078
V2_pop,2.9672e-7,-5.0659e-9,1.0019e-5,1.258e-9,-2.7155e-8,-5.4773e-11,-1.8436e-6,5.5055e-12,3.0562e-8
omega_Cl,-4.4456e-5,3.4333e-8,0.001232,-2.7155e-8,0.002611,6.8486e-10,0.00020695,-1.9093e-10,-8.0609e-6
omega_V1,-2.6498e-8,3.986e-10,-7.269e-7,-5.4773e-11,6.8486e-10,3.6388e-12,8.9497e-8,-2.2242e-13,-1.2401e-9
omega_Q,-0.0010303,7.164e-6,-0.022031,-1.8436e-6,0.00020695,8.9497e-8,0.055417,-8.7111e-9,-0.00017439
omega_V2,7.7672e-10,-8.2715e-12,2.7557e-8,5.5055e-12,-1.9093e-10,-2.2242e-13,-8.7111e-9,4.1819e-14,1.9412e-10
b,7.673e-5,-6.0492e-8,0.00028078,3.0562e-8,-8.0609e-6,-1.2401e-9,-0.00017439,1.9412e-10,6.8649e-5
