Cl_pop,0.12483,-0.0029506,0.01119,-0.0021665,-9.6001e-5,-4.1815e-7,1.8872e-6,0.00015205,1.2516e-5,-6.6142e-5,1.7113e-5
V1_pop,-0.0029506,3.0145,-0.61341,2.8556,-0.00014651,-0.00091832,0.00019767,-0.031029,0.00063648,-0.00079453,0.00063067
Q_pop,0.01119,-0.61341,2.0281,-0.54894,0.00036829,-0.0013332,-0.00032784,0.034254,-0.0012605,-1.8168e-5,-0.00034161
V2_pop,-0.0021665,2.8556,-0.54894,2.9551,0.00051328,-0.0015159,0.00012586,-0.028496,-0.0029663,-0.00049998,0.00050737
omega_Cl,-9.6001e-5,-0.00014651,0.00036829,0.00051328,0.0023768,-1.9652e-5,-8.0393e-7,6.8603e-5,-2.57e-5,2.3619e-5,-1.0328e-5
omega_V1,-4.1815e-7,-0.00091832,-0.0013332,-0.0015159,-1.9652e-5,0.005384,6.4886e-5,-0.0014013,0.0044854,4.365e-5,-5.9051e-5
corr_V2_V1,1.8872e-6,0.00019767,-0.00032784,0.00012586,-8.0393e-7,6.4886e-5,4.6731e-6,-2.5452e-5,4.9723e-5,-4.7761e-7,-7.6663e-7
omega_Q,0.00015205,-0.031029,0.034254,-0.028496,6.8603e-5,-0.0014013,-2.5452e-5,0.024444,-0.0012643,8.3177e-6,-3.647e-5
omega_V2,1.2516e-5,0.00063648,-0.0012605,-0.0029663,-2.57e-5,0.0044854,4.9723e-5,-0.0012643,0.0038855,2.8635e-5,-4.4708e-5
a1,-6.6142e-5,-0.00079453,-1.8168e-5,-0.00049998,2.3619e-5,4.365e-5,-4.7761e-7,8.3177e-6,2.8635e-5,0.00052184,-1.2072e-5
a2,1.7113e-5,0.00063067,-0.00034161,0.00050737,-1.0328e-5,-5.9051e-5,-7.6663e-7,-3.647e-5,-4.4708e-5,-1.2072e-5,3.5492e-5
