Cl_pop,1,0.00327,0.0148,-0.00826,0,0,0,0,0,0,0
V1_pop,0.00327,1,-0.128,0.628,0,0,0,0,0,0,0
Q_pop,0.0148,-0.128,1,0.00842,0,0,0,0,0,0,0
V2_pop,-0.00826,0.628,0.00842,1,0,0,0,0,0,0,0
omega_Cl,0,0,0,0,1,-2.51e-5,-6.87e-5,-0.000129,-0.000282,-6.73e-5,-0.00458
omega_V1,0,0,0,0,-2.51e-5,1,0.0275,-0.021,0.424,-0.000561,-0.0382
corr_V2_V1,0,0,0,0,-6.87e-5,0.0275,1,0.0535,-0.241,0.00422,0.287
omega_Q,0,0,0,0,-0.000129,-0.021,0.0535,1,-0.00717,-0.000595,-0.0405
omega_V2,0,0,0,0,-0.000282,0.424,-0.241,-0.00717,1,-0.0016,-0.109
a1,0,0,0,0,-6.73e-5,-0.000561,0.00422,-0.000595,-0.0016,1,-0.0169
a2,0,0,0,0,-0.00458,-0.0382,0.287,-0.0405,-0.109,-0.0169,1
