Cl_pop,0.124,0.00178,0.00738,-0.0104,0,0,0,0,0,0,0
V1_pop,0.00178,2.38,-0.279,3.45,0,0,0,0,0,0,0
Q_pop,0.00738,-0.279,2,0.0424,0,0,0,0,0,0,0
V2_pop,-0.0104,3.45,0.0424,12.7,0,0,0,0,0,0,0
omega_Cl,0,0,0,0,0.00235,-7.29e-8,-5.97e-7,-9.82e-7,-1.78e-6,-7.27e-8,-1.39e-6
omega_V1,0,0,0,0,-7.29e-8,0.00358,0.000295,-0.000197,0.0033,-7.47e-7,-1.42e-5
corr_V2_V1,0,0,0,0,-5.97e-7,0.000295,0.0321,0.00151,-0.00562,1.68e-5,0.000321
omega_Q,0,0,0,0,-9.82e-7,-0.000197,0.00151,0.0247,-0.000146,-2.08e-6,-3.96e-5
omega_V2,0,0,0,0,-1.78e-6,0.0033,-0.00562,-0.000146,0.0169,-4.62e-6,-8.81e-5
a1,0,0,0,0,-7.27e-8,-7.47e-7,1.68e-5,-2.08e-6,-4.62e-6,0.000495,-2.35e-6
a2,0,0,0,0,-1.39e-6,-1.42e-5,0.000321,-3.96e-5,-8.81e-5,-2.35e-6,3.89e-5
